# cline: mcl /data/out_parent/orthofinder_run/Results_Dec10/WorkingDirectory/OrthoFinder_graph.txt "-I" "1.5" "-o" "/data/out_parent/orthofinder_run/Results_Dec10/WorkingDirectory/clusters_OrthoFinder_I1.5.txt" "-te" "1" "-V" "all"
(mclheader
mcltype matrix
dimensions 10661x5321
)
(mclmatrix
begin
0     700 2563 3334 3588 3688 3754 3817 3844 3853 4222 5443 5522 5999
        6409 6412 6416 6442 7758 7803 9103 9311 9385 9781 10345 10570 $
1     5217 5224 5228 5229 5230 5240 5245 5263 5264 5268 5273 5275
        5277 5279 5284 5285 5291 5296 5331 5346 5367 5381 $
2     781 870 1875 2443 2607 2723 3245 3388 3649 3782 3818 4187 5561
        5595 7347 8107 9134 9245 9870 10487 10582 $
3     5869 5893 6506 6621 7223 7266 7641 7654 8226 8320 8327 8351
        8784 9084 10219 10314 10327 10407 10546 10654 $
4     1234 1708 3018 3256 3884 3996 4298 4321 4660 6825 7187 9376 $
5     2408 2799 3476 3478 5401 8073 8086 8087 8088 9770 9771 9772 $
6     3294 3402 4041 4377 4804 6258 7825 8629 9211 9839 9843 9959 $
7     3477 3641 3712 3713 4285 4286 4349 4351 5149 8085 9190 9191 $
8     1117 2715 2718 3271 4228 5597 5699 6762 6894 9398 10608 $
9     2042 2911 3821 4304 4305 4306 7247 10122 10123 10124 10126 $
10    57 485 1142 3658 6375 7546 8048 8335 8378 9920 $
11    2552 4492 4493 4883 5054 6441 6630 7126 10440 10441 $
12    1384 3640 4086 4344 4346 4473 5213 9615 9809 $
13    1789 3258 4520 7363 9303 9741 9797 10569 10597 $
14    2262 2964 3790 3823 7431 9175 9397 9715 10130 $
15    2412 3639 4174 4175 5478 5507 5508 6372 7496 $
16    801 1219 6645 6746 6812 9263 9409 10009 $
17    1193 2659 2759 6003 7826 9249 9930 10092 $
18    1232 3563 3564 4499 5094 9364 10489 10490 $
19    1790 3814 4209 4247 5763 8909 9431 9782 $
20    2279 2432 4715 6337 6338 7108 9993 10116 $
21    2440 4057 4559 4771 4857 7160 9742 10579 $
22    2978 5128 6446 6961 7179 7577 8258 10519 $
23    3125 3891 4503 6379 6843 8597 9808 10497 $
24    5222 5225 5234 5251 5255 5327 5328 5329 $
25    6109 6292 6827 7402 7424 7749 8763 9958 $
26    174 600 657 1663 3181 7942 8433 $
27    554 1883 2153 4663 7479 9047 9067 $
28    638 3616 4597 5933 6548 7037 10640 $
29    646 3918 4557 5250 5360 8745 8746 $
30    865 1689 4543 5406 7419 7420 9141 $
31    886 6596 7459 8691 8919 9182 9417 $
32    910 2870 4334 5987 6501 9233 9749 $
33    1047 1701 5753 10318 10501 10587 10588 $
34    2338 3230 3717 3887 6780 6836 10132 $
35    2469 3529 6181 7135 7830 9261 9795 $
36    3104 3108 3976 6015 6362 9078 10054 $
37    3251 3689 5784 6647 8379 9106 9107 $
38    3997 6323 8845 9812 9964 9967 10322 $
39    6387 7465 7466 7467 8182 8458 8748 $
40    6431 6549 6718 7865 9024 9596 10630 $
41    6553 6554 6555 6556 6557 9314 9315 $
42    8338 8340 8342 8343 8685 10136 10500 $
43    46 76 1158 5567 6220 8678 $
44    56 429 2867 3136 9570 9983 $
45    80 2281 3656 5326 5789 6351 $
46    305 468 553 5305 6633 6761 $
47    546 3860 4542 5236 5318 5408 $
48    827 1976 2343 6308 7436 9255 $
49    828 3789 4048 7433 9395 9717 $
50    911 4335 5988 6500 9232 9750 $
51    1072 4545 5092 5359 9575 10188 $
52    1217 2965 4049 7432 9396 9716 $
53    1410 3889 6378 6841 8598 10499 $
54    1509 3811 8492 9236 9439 9744 $
55    1512 3648 3695 3741 3742 9132 $
56    1977 2819 4849 6307 7437 9254 $
57    2244 3610 3970 4257 4590 4606 $
58    2313 3951 5084 7441 8717 10112 $
59    2411 2601 3720 4323 4362 5122 $
60    2706 6202 8027 8499 9350 9389 $
61    2762 3810 5503 7807 9278 9582 $
62    3333 3667 4037 4223 5444 6535 $
63    3346 4779 5434 6580 7299 8695 $
64    3618 5144 6560 7030 10644 10646 $
65    3788 4047 5083 7434 9394 9718 $
66    73 2638 6356 8511 9443 $
67    359 1511 1874 3647 7350 $
68    405 2427 2984 6439 7382 $
69    511 1036 3146 6577 7537 $
70    735 7817 8692 9801 10227 $
71    845 2110 2975 4706 5167 $
72    915 3416 4471 7869 9944 $
73    1076 2438 5159 5972 8350 $
74    1079 1223 6407 10169 10323 $
75    1107 1669 6491 6870 7918 $
76    1221 2755 9183 9382 10060 $
77    1385 2236 3801 5480 9613 $
78    1506 2065 2653 6541 7257 $
79    1589 4163 5678 7642 7828 $
80    1715 4894 6368 6859 7820 $
81    1988 2030 2384 9534 10653 $
82    2003 2004 2567 4777 6018 $
83    2282 5332 6357 8510 9444 $
84    2372 3070 4668 7162 8925 $
85    2415 4828 4884 5340 8072 $
86    2490 7882 8279 9945 9947 $
87    2519 3745 4575 9005 9794 $
88    2693 4576 5498 9482 9687 $
89    2754 4605 5436 6547 7044 $
90    2960 2976 7414 7475 9247 $
91    3154 3594 6750 7815 9813 $
92    3380 4844 6775 6777 7760 $
93    3418 3854 4967 5038 5708 $
94    3483 4554 8101 9860 10568 $
95    3591 6753 7756 8408 9846 $
96    3611 4603 6542 7042 10635 $
97    3612 4602 6543 7041 10636 $
98    3614 5142 6562 7039 10638 $
99    3615 4598 6563 7038 10639 $
100   3744 3752 4572 9309 9791 $
101   3851 3900 4169 6900 9584 $
102   3861 5421 6384 6388 6391 $
103   4059 4778 4906 6017 9954 $
104   4161 4963 5129 5200 7472 $
105   4293 4497 5526 7174 7502 $
106   4446 4447 4876 10304 10348 $
107   4586 5191 6706 9378 10616 $
108   4592 4885 6545 7031 10643 $
109   4872 4984 6720 7861 7862 $
110   5216 5223 5262 5267 5269 $
111   5301 5302 5303 5316 5323 $
112   5739 5743 5744 5745 8131 $
113   19 447 5518 10225 $
114   51 4623 6813 6988 $
115   147 3990 8468 10011 $
116   149 634 8465 8954 $
117   213 448 5520 10223 $
118   237 2248 4097 10312 $
119   280 1381 4343 8569 $
120   299 2379 7889 10028 $
121   303 946 9918 10342 $
122   342 2688 4100 8416 $
123   352 1546 4938 8765 $
124   426 917 4661 5788 $
125   472 6049 6380 7987 $
126   477 5356 7417 7883 $
127   498 3786 6125 9392 $
128   533 534 5905 5906 $
129   555 4664 6448 8476 $
130   630 4221 6765 8191 $
131   653 6261 7602 8395 $
132   675 2777 7336 8426 $
133   819 4662 5090 5787 $
134   829 3633 6291 7307 $
135   838 4032 7277 8062 $
136   849 1855 6958 9739 $
137   896 2530 6041 6568 $
138   914 1345 8599 9968 $
139   918 3819 5148 7348 $
140   927 1210 2732 6309 $
141   928 1180 3798 8142 $
142   929 930 2861 10294 $
143   972 1298 5519 10224 $
144   1038 3747 3883 7542 $
145   1060 6347 10388 10390 $
146   1073 2743 6285 8345 $
147   1083 3020 3021 5221 $
148   1084 1336 8323 9988 $
149   1115 1121 6881 6892 $
150   1122 1862 6972 8694 $
151   1148 3145 6574 8367 $
152   1209 1406 9244 10485 $
153   1277 3548 5589 9221 $
154   1297 4417 5521 10222 $
155   1302 3799 4863 5514 $
156   1323 4319 8467 10010 $
157   1333 9779 9786 9994 $
158   1334 7113 9990 9992 $
159   1388 1555 5886 7808 $
160   1419 1481 6204 8581 $
161   1505 1797 2057 7275 $
162   1581 3393 5800 7757 $
163   1595 4038 7671 9753 $
164   1735 2747 6243 9830 $
165   1736 3553 6239 9834 $
166   1752 5180 5450 6984 $
167   1780 4750 9117 9858 $
168   1816 3941 4144 8221 $
169   1880 4513 7595 10507 $
170   1916 3636 5712 6299 $
171   1920 3748 5702 5747 $
172   1925 2478 7991 8173 $
173   1930 5722 7733 8751 $
174   2009 3570 6284 9707 $
175   2078 7221 7829 9931 $
176   2108 3714 8097 9193 $
177   2109 4888 8089 8090 $
178   2189 4166 6240 9833 $
179   2190 4167 6241 9832 $
180   2191 4867 6242 9831 $
181   2254 5396 8075 9773 $
182   2255 7493 8074 9198 $
183   2271 2634 6367 7819 $
184   2314 7448 7838 8715 $
185   2349 2471 8044 8046 $
186   2357 2717 8828 10606 $
187   2359 4584 8824 10604 $
188   2371 6743 7799 8264 $
189   2409 3149 5363 7189 $
190   2428 2528 6138 8603 $
191   2454 3985 8130 10021 $
192   2468 3081 7133 8829 $
193   2480 3516 6140 7971 $
194   2545 6262 7604 8394 $
195   2559 4991 7823 9436 $
196   2575 2687 5797 10168 $
197   2600 3194 7132 8830 $
198   2606 5500 9076 9239 $
199   2666 4968 6832 9301 $
200   2681 4231 5703 5714 $
201   2728 4387 6749 8976 $
202   2746 3233 3560 8140 $
203   2753 4594 7033 10641 $
204   2763 3804 5060 7486 $
205   2771 3602 6735 7411 $
206   2791 2863 5322 5417 $
207   2796 3716 5227 7813 $
208   2801 5055 6484 9449 $
209   2802 6195 9448 9805 $
210   2809 9060 9206 9207 $
211   2839 4971 6469 9965 $
212   2846 4805 9638 10529 $
213   2849 3253 8383 8385 $
214   2855 3471 5181 8060 $
215   2858 6402 6857 8434 $
216   2860 2999 3573 3878 $
217   2871 3325 5461 7488 $
218   2875 3284 4713 6156 $
219   2900 4635 5014 6960 $
220   2942 2949 7314 9200 $
221   2961 2977 7476 10538 $
222   2963 3825 4832 9840 $
223   2979 4010 9911 10517 $
224   3015 3229 6360 8329 $
225   3028 3032 8301 8303 $
226   3075 3662 6515 8940 $
227   3079 3651 4218 8949 $
228   3123 3153 5921 5939 $
229   3147 5116 7191 7684 $
230   3188 3582 6809 7125 $
231   3193 7131 8831 8837 $
232   3262 4074 4376 9648 $
233   3266 4204 5669 7164 $
234   3343 3436 5440 7969 $
235   3344 5111 9768 9769 $
236   3408 5483 7850 8334 $
237   3459 3920 4117 8202 $
238   3493 4956 6083 7966 $
239   3507 3617 4596 7036 $
240   3536 3544 6212 9216 $
241   3583 4505 6778 10502 $
242   3613 4601 6565 7040 $
243   3739 4714 4843 9296 $
244   3751 4610 9438 10655 $
245   3772 4500 9362 10491 $
246   3890 4504 6842 10498 $
247   4191 4193 5609 5611 $
248   4239 5740 5741 9407 $
249   4246 5762 9228 9229 $
250   4411 5153 8037 10202 $
251   4591 4952 6154 9811 $
252   4652 6631 8457 10651 $
253   4928 5258 6164 8637 $
254   4937 5620 9188 9670 $
255   5260 5278 5286 9411 $
256   5959 7178 7616 10095 $
257   6386 7468 8749 10590 $
258   41 7834 8009 $
259   68 6458 9665 $
260   77 5573 6165 $
261   79 4184 5726 $
262   89 1194 9006 $
263   125 3314 8061 $
264   127 506 9557 $
265   135 7152 8519 $
266   146 6997 8470 $
267   153 7391 9153 $
268   155 4164 5496 $
269   157 162 8260 $
270   170 4256 5799 $
271   186 1711 7540 $
272   188 6494 6874 $
273   189 6495 6875 $
274   190 6497 6877 $
275   192 7597 8397 $
276   193 6260 8396 $
277   197 2611 8370 $
278   229 2795 6303 $
279   234 9940 10282 $
280   290 5120 6662 $
281   300 9430 10005 $
282   337 8918 10431 $
283   350 4213 8934 $
284   360 923 7192 $
285   367 2028 8344 $
286   372 1224 7487 $
287   401 8178 9454 $
288   402 4361 9450 $
289   419 1100 8293 $
290   422 9184 10062 $
291   445 3783 10486 $
292   453 3197 5551 $
293   475 8920 10533 $
294   492 5254 6209 $
295   507 5681 9547 $
296   508 6294 6520 $
297   512 2676 6575 $
298   522 8042 9252 $
299   545 5170 5407 $
300   550 4325 8698 $
301   556 557 8464 $
302   558 5176 8471 $
303   588 8203 8204 $
304   590 7259 10144 $
305   612 2390 8652 $
306   662 4350 8540 $
307   667 1896 7656 $
308   690 5057 6128 $
309   698 3822 6787 $
310   703 6397 6855 $
311   722 5718 6279 $
312   736 9764 10229 $
313   741 9383 10372 $
314   758 5619 8368 $
315   776 9765 10364 $
316   830 3012 7304 $
317   832 2247 9693 $
318   841 9423 9867 $
319   858 4772 9745 $
320   862 2945 9170 $
321   875 5783 9105 $
322   897 6566 9946 $
323   903 2399 6516 $
324   919 4812 7732 $
325   935 5607 6290 $
326   939 6785 7837 $
327   953 2510 10307 $
328   959 9583 10286 $
329   971 9763 10228 $
330   973 3743 10221 $
331   979 1017 10203 $
332   980 6235 10200 $
333   998 6482 9015 $
334   1009 3135 8985 $
335   1019 6161 10521 $
336   1031 1584 7211 $
337   1035 6287 10470 $
338   1046 7573 8410 $
339   1050 9201 10333 $
340   1057 7805 10395 $
341   1059 10389 10391 $
342   1081 7175 8325 $
343   1106 6478 6869 $
344   1109 6496 6876 $
345   1113 6488 6890 $
346   1118 2570 9720 $
347   1138 6263 8393 $
348   1140 8388 9425 $
349   1153 6348 8355 $
350   1167 8106 10002 $
351   1177 2291 8127 $
352   1181 8147 9196 $
353   1182 8149 9222 $
354   1191 1196 9307 $
355   1195 4574 9793 $
356   1197 4633 6966 $
357   1213 9271 9427 $
358   1214 3317 9270 $
359   1226 3718 9331 $
360   1227 7753 9332 $
361   1264 5624 9400 $
362   1273 5603 9433 $
363   1285 5559 9424 $
364   1294 4986 5530 $
365   1305 3399 5501 $
366   1314 9941 10044 $
367   1327 7498 10003 $
368   1338 4477 9984 $
369   1339 5690 9976 $
370   1342 9432 9973 $
371   1343 4825 9972 $
372   1344 2830 9969 $
373   1349 2183 9929 $
374   1352 5370 9907 $
375   1379 1841 6700 $
376   1415 3144 6214 $
377   1423 4212 6196 $
378   1435 6141 7827 $
379   1436 6136 8431 $
380   1438 3638 6133 $
381   1459 8437 8641 $
382   1488 4320 8560 $
383   1493 6327 8552 $
384   1495 6637 8546 $
385   1516 4921 9458 $
386   1538 2790 6366 $
387   1554 5891 6794 $
388   1569 5833 7321 $
389   1587 7201 7637 $
390   1644 7988 9673 $
391   1646 6464 7981 $
392   1656 2113 7956 $
393   1660 7948 7949 $
394   1680 3423 7894 $
395   1682 4670 10531 $
396   1691 3556 10545 $
397   1705 3926 8205 $
398   1713 6403 6856 $
399   1720 6897 9581 $
400   1722 3468 8039 $
401   1784 9422 9866 $
402   1793 3509 7833 $
403   1794 7835 9285 $
404   1796 7842 8432 $
405   1827 7300 7621 $
406   1838 6709 8281 $
407   1846 4265 5845 $
408   1867 5151 7008 $
409   1870 7358 7359 $
410   1882 7177 10482 $
411   1885 6168 7393 $
412   1899 2424 7095 $
413   1908 8154 10647 $
414   1915 5713 6376 $
415   1923 6745 8171 $
416   1931 8774 10620 $
417   1937 6499 8788 $
418   1948 8170 8802 $
419   1972 8916 9441 $
420   1986 5553 8950 $
421   1993 8473 9646 $
422   2012 4939 6016 $
423   2060 3719 7264 $
424   2063 3124 7260 $
425   2075 7233 7478 $
426   2094 6048 6546 $
427   2129 3673 6576 $
428   2145 8759 9069 $
429   2146 9058 9208 $
430   2148 5119 9052 $
431   2149 9051 9810 $
432   2167 2395 2435 $
433   2170 4665 8460 $
434   2186 9187 9213 $
435   2187 5677 9428 $
436   2238 7615 9606 $
437   2277 6332 7028 $
438   2287 3301 8590 $
439   2292 3239 8128 $
440   2298 6322 7138 $
441   2306 3746 8733 $
442   2318 7404 9435 $
443   2355 8280 8834 $
444   2362 3510 6119 $
445   2436 2437 5182 $
446   2446 8168 9277 $
447   2455 8141 10143 $
448   2476 5870 8008 $
449   2482 3352 7947 $
450   2500 3228 8328 $
451   2503 3805 7572 $
452   2539 6481 6868 $
453   2544 4245 5761 $
454   2551 6651 8277 $
455   2556 4806 6995 $
456   2562 7074 9865 $
457   2590 6472 8604 $
458   2599 8947 9163 $
459   2602 9061 9205 $
460   2604 8760 9070 $
461   2612 4530 7484 $
462   2617 3322 9752 $
463   2620 4839 8520 $
464   2625 4753 9510 $
465   2639 5420 6342 $
466   2646 6502 9234 $
467   2647 6503 9235 $
468   2662 6851 9258 $
469   2667 7051 9246 $
470   2697 3285 8094 $
471   2698 6361 8071 $
472   2700 6217 9297 $
473   2701 6215 9421 $
474   2731 6776 9248 $
475   2733 6328 9312 $
476   2760 8409 10094 $
477   2775 5576 7458 $
478   2794 5338 6304 $
479   2836 8146 9195 $
480   2848 5335 7263 $
481   2862 4593 7032 $
482   2886 5016 6683 $
483   2892 5020 6690 $
484   2909 4372 7232 $
485   2912 3806 7252 $
486   2916 6676 7272 $
487   2917 5160 7274 $
488   2935 4347 6714 $
489   2944 3761 9338 $
490   2954 5051 7403 $
491   2958 7412 9260 $
492   2991 3557 10478 $
493   2993 10081 10476 $
494   3002 6374 7547 $
495   3019 7176 8326 $
496   3023 4066 6558 $
497   3054 3179 4704 $
498   3055 4731 5050 $
499   3068 8917 9256 $
500   3069 5162 7438 $
501   3099 9056 9243 $
502   3110 6013 10479 $
503   3177 4648 6624 $
504   3185 6321 7140 $
505   3186 7137 9415 $
506   3195 8826 10605 $
507   3199 5354 7461 $
508   3205 4683 4710 $
509   3212 6609 8808 $
510   3234 3236 8135 $
511   3238 4238 4241 $
512   3272 6493 6873 $
513   3276 9735 9777 $
514   3279 3642 8729 $
515   3318 4862 5489 $
516   3377 7728 8411 $
517   3379 4935 5583 $
518   3409 5482 7851 $
519   3413 3659 7860 $
520   3415 7868 8690 $
521   3435 7965 7968 $
522   3448 4179 5546 $
523   3460 4116 5133 $
524   3494 6086 8384 $
525   3497 6091 6092 $
526   3499 4098 6096 $
527   3513 6127 9978 $
528   3546 8689 9219 $
529   3547 8688 9220 $
530   3549 5676 9230 $
531   3555 5404 7688 $
532   3577 4874 6315 $
533   3580 6329 8478 $
534   3635 6298 6463 $
535   3660 3859 6509 $
536   3665 6524 9181 $
537   3670 6538 7220 $
538   3679 6595 9948 $
539   3703 6744 9156 $
540   3722 8447 8704 $
541   3724 4587 10618 $
542   3731 4667 8286 $
543   3758 9323 9414 $
544   3760 4225 9334 $
545   3766 3857 8427 $
546   3808 9426 9818 $
547   3831 6259 9475 $
548   3833 5752 9484 $
549   3845 6067 6411 $
550   3866 6354 9442 $
551   3869 5375 6349 $
552   3882 6835 7653 $
553   3885 3886 5353 $
554   3896 6853 9257 $
555   3906 6913 8463 $
556   3962 8776 10085 $
557   3963 9197 10083 $
558   3973 6552 9316 $
559   3974 9185 10061 $
560   4004 8047 9919 $
561   4019 4678 9891 $
562   4040 8058 9767 $
563   4043 6194 9732 $
564   4044 5661 9730 $
565   4053 6193 9695 $
566   4068 5028 8772 $
567   4071 5782 9656 $
568   4092 4855 9595 $
569   4095 5807 9592 $
570   4104 9419 9553 $
571   4114 4666 9532 $
572   4182 5562 6904 $
573   4183 5568 7291 $
574   4188 4214 5599 $
575   4206 5673 6840 $
576   4227 4309 5693 $
577   4302 6346 10117 $
578   4339 5460 5996 $
579   4354 4369 10156 $
580   4406 5064 10186 $
581   4421 4622 6992 $
582   4426 5432 10251 $
583   4437 5058 10291 $
584   4448 4570 9789 $
585   4460 7523 9167 $
586   4461 7494 7522 $
587   4485 10422 10424 $
588   4507 9774 10505 $
589   4578 10592 10593 $
590   4588 5081 10619 $
591   4604 6561 7043 $
592   4607 10151 10650 $
593   4626 4627 6977 $
594   4629 6970 9689 $
595   4647 6623 10101 $
596   4736 4897 7541 $
597   4816 5311 5314 $
598   4875 5103 9410 $
599   4895 5688 7492 $
600   4896 6401 6847 $
601   4913 8137 9916 $
602   4950 6137 9418 $
603   4958 9515 10105 $
604   4969 8904 9962 $
605   5000 6089 6095 $
606   5009 5523 7877 $
607   5030 10275 10279 $
608   5040 9212 9227 $
609   5065 5361 6640 $
610   5082 7398 7399 $
611   5101 6358 9445 $
612   5126 8235 10025 $
613   5320 5411 5773 $
614   5330 5405 7283 $
615   5349 7445 9337 $
616   6206 6207 9799 $
617   6267 6268 7194 $
618   6498 7754 7755 $
619   6550 7122 9546 $
620   6634 9535 9960 $
621   8151 8152 8153 $
622   0 6670 $
623   2 10518 $
624   4 10567 $
625   5 7234 $
626   6 7242 $
627   7 7248 $
628   8 7249 $
629   9 7353 $
630   10 7364 $
631   11 7369 $
632   12 10452 $
633   14 7529 $
634   15 10358 $
635   16 10249 $
636   17 10240 $
637   18 10239 $
638   20 8255 $
639   21 8194 $
640   22 8187 $
641   23 5956 $
642   24 7065 $
643   25 7050 $
644   26 8820 $
645   27 8767 $
646   28 8670 $
647   29 8709 $
648   30 8724 $
649   31 8642 $
650   32 9565 $
651   33 9567 $
652   34 9522 $
653   35 9556 $
654   36 9610 $
655   37 9703 $
656   38 9709 $
657   39 9712 $
658   40 9893 $
659   42 6061 $
660   43 6121 $
661   44 6123 $
662   47 6224 $
663   48 6225 $
664   49 6228 $
665   50 9088 $
666   52 6901 $
667   53 6934 $
668   54 6935 $
669   55 10041 $
670   58 7944 $
671   59 7929 $
672   60 7919 $
673   61 7916 $
674   62 7910 $
675   63 7897 $
676   64 7892 $
677   65 7795 $
678   66 7792 $
679   67 9681 $
680   69 7723 $
681   70 7714 $
682   71 7713 $
683   72 8507 $
684   74 8571 $
685   75 8578 $
686   78 5581 $
687   81 5837 $
688   82 5884 $
689   83 5885 $
690   84 7082 $
691   85 7102 $
692   86 5960 $
693   87 9020 $
694   88 9007 $
695   90 9001 $
696   91 8941 $
697   92 8902 $
698   93 8901 $
699   94 8900 $
700   95 8899 $
701   97 8898 $
702   98 8897 $
703   99 8896 $
704   100 8894 $
705   101 8892 $
706   102 8891 $
707   103 8889 $
708   104 8888 $
709   105 8887 $
710   106 8886 $
711   107 8885 $
712   108 8883 $
713   109 8880 $
714   110 8879 $
715   111 8877 $
716   112 8873 $
717   113 8867 $
718   114 8300 $
719   115 7553 $
720   116 10475 $
721   117 10526 $
722   118 10542 $
723   119 10575 $
724   120 7306 $
725   121 10536 $
726   122 6659 $
727   124 159 $
728   126 3137 $
729   129 7147 $
730   130 8884 $
731   131 5792 $
732   132 5820 $
733   133 5846 $
734   134 8975 $
735   136 7695 $
736   137 8055 $
737   138 8005 $
738   139 9459 $
739   140 6188 $
740   141 10039 $
741   142 8895 $
742   143 8868 $
743   144 8866 $
744   145 10237 $
745   148 8466 $
746   154 8782 $
747   158 6978 $
748   161 3204 $
749   165 4723 $
750   166 4724 $
751   168 4726 $
752   169 5952 $
753   171 6163 $
754   175 5725 $
755   176 8136 $
756   177 6223 $
757   178 10137 $
758   179 10091 $
759   180 7739 $
760   181 7730 $
761   182 7727 $
762   183 6166 $
763   184 6170 $
764   185 6171 $
765   187 9402 $
766   191 6887 $
767   194 8391 $
768   195 8387 $
769   196 8371 $
770   198 8365 $
771   199 8359 $
772   200 8353 $
773   201 8681 $
774   202 8116 $
775   203 8122 $
776   204 8129 $
777   205 9885 $
778   206 9844 $
779   208 9738 $
780   209 9726 $
781   210 9705 $
782   211 9704 $
783   212 9680 $
784   214 10217 $
785   215 10211 $
786   216 10204 $
787   217 10193 $
788   218 8981 $
789   219 8986 $
790   220 10172 $
791   221 10171 $
792   222 10163 $
793   223 10161 $
794   224 10158 $
795   225 9330 $
796   226 9343 $
797   227 6238 $
798   228 9194 $
799   230 6454 $
800   231 6462 $
801   232 10271 $
802   233 10281 $
803   235 10292 $
804   236 10302 $
805   238 10357 $
806   239 10359 $
807   240 10362 $
808   241 10368 $
809   242 10371 $
810   243 10373 $
811   244 7443 $
812   245 8232 $
813   248 8189 $
814   249 7114 $
815   250 7107 $
816   251 7100 $
817   252 7098 $
818   253 7093 $
819   254 7085 $
820   255 7084 $
821   256 7081 $
822   257 5882 $
823   258 5880 $
824   259 5876 $
825   260 5868 $
826   261 5867 $
827   262 5865 $
828   263 5864 $
829   264 5856 $
830   265 5853 $
831   266 5848 $
832   267 5847 $
833   268 5842 $
834   269 5838 $
835   270 5832 $
836   271 5813 $
837   272 5811 $
838   273 5810 $
839   274 8645 $
840   275 8632 $
841   276 8626 $
842   277 8586 $
843   278 8585 $
844   279 9237 $
845   281 8564 $
846   282 8562 $
847   283 8561 $
848   284 8559 $
849   285 8557 $
850   286 6673 $
851   287 6668 $
852   288 6664 $
853   289 6663 $
854   291 6660 $
855   292 6656 $
856   293 6654 $
857   294 7394 $
858   295 7231 $
859   296 7235 $
860   297 7271 $
861   298 10032 $
862   301 10004 $
863   302 9921 $
864   304 9915 $
865   306 6607 $
866   307 6956 $
867   308 6980 $
868   309 6983 $
869   310 6989 $
870   311 5639 $
871   312 5648 $
872   313 5651 $
873   314 5660 $
874   315 8016 $
875   316 8015 $
876   317 8012 $
877   318 8004 $
878   319 7994 $
879   320 7993 $
880   321 7992 $
881   322 7977 $
882   323 7975 $
883   324 7940 $
884   325 7936 $
885   326 7935 $
886   327 7926 $
887   328 7925 $
888   329 7525 $
889   330 7524 $
890   331 7512 $
891   332 10462 $
892   333 10413 $
893   334 10415 $
894   335 10419 $
895   336 10430 $
896   338 10436 $
897   339 7696 $
898   340 8512 $
899   341 8417 $
900   343 8413 $
901   344 9530 $
902   345 8962 $
903   346 8948 $
904   347 8944 $
905   348 8937 $
906   349 8936 $
907   351 8785 $
908   353 8758 $
909   354 8174 $
910   355 7619 $
911   356 7622 $
912   357 6703 $
913   358 9295 $
914   361 5963 $
915   362 5966 $
916   363 6069 $
917   364 6116 $
918   365 10384 $
919   366 10380 $
920   368 8348 $
921   369 10325 $
922   370 10320 $
923   373 7608 $
924   374 7349 $
925   375 7352 $
926   376 7368 $
927   377 6943 $
928   378 6942 $
929   379 6941 $
930   380 6937 $
931   381 6929 $
932   382 6926 $
933   383 6921 $
934   384 7585 $
935   385 10469 $
936   386 7379 $
937   387 7389 $
938   388 7213 $
939   389 7210 $
940   390 10514 $
941   391 10515 $
942   392 8858 $
943   393 8855 $
944   394 8853 $
945   395 8847 $
946   396 7157 $
947   397 7149 $
948   399 9463 $
949   400 9462 $
950   403 9447 $
951   404 6427 $
952   406 8711 $
953   407 8713 $
954   408 8716 $
955   409 8718 $
956   410 8719 $
957   411 8728 $
958   412 8732 $
959   413 8737 $
960   414 8743 $
961   415 10265 $
962   416 10256 $
963   417 10253 $
964   418 10236 $
965   420 10072 $
966   421 10063 $
967   423 10036 $
968   424 5736 $
969   425 5769 $
970   427 5801 $
971   428 9588 $
972   430 9634 $
973   431 9620 $
974   432 9614 $
975   433 9601 $
976   434 6838 $
977   435 6849 $
978   436 5926 $
979   437 5928 $
980   438 8272 $
981   439 5935 $
982   440 5947 $
983   441 5954 $
984   442 5957 $
985   443 5958 $
986   446 10450 $
987   449 5524 $
988   450 5527 $
989   451 5535 $
990   452 5537 $
991   454 5557 $
992   455 5564 $
993   456 5565 $
994   457 7639 $
995   458 7648 $
996   459 7661 $
997   460 7662 $
998   461 7664 $
999   462 7667 $
1000  463 5719 $
1001  464 5706 $
1002  465 5695 $
1003  466 5983 $
1004  467 6774 $
1005  469 6060 $
1006  470 6057 $
1007  471 6055 $
1008  473 10523 $
1009  474 10525 $
1010  476 10535 $
1011  478 7415 $
1012  479 7909 $
1013  480 7911 $
1014  481 7914 $
1015  482 7068 $
1016  483 7410 $
1017  484 8304 $
1018  486 7548 $
1019  487 7558 $
1020  488 7560 $
1021  489 7564 $
1022  490 6229 $
1023  491 6226 $
1024  493 6150 $
1025  494 6147 $
1026  495 6146 $
1027  496 6142 $
1028  497 6130 $
1029  499 6124 $
1030  500 5473 $
1031  501 5466 $
1032  502 9161 $
1033  503 7890 $
1034  504 7878 $
1035  505 7876 $
1036  509 6598 $
1037  510 6589 $
1038  513 9660 $
1039  514 9652 $
1040  515 9649 $
1041  516 8052 $
1042  517 8053 $
1043  518 7123 $
1044  519 8066 $
1045  520 9899 $
1046  521 8045 $
1047  523 7009 $
1048  524 7006 $
1049  525 7002 $
1050  526 7000 $
1051  527 6996 $
1052  528 6994 $
1053  529 10467 $
1054  530 9077 $
1055  531 5918 $
1056  532 5907 $
1057  535 10585 $
1058  536 9509 $
1059  537 8291 $
1060  538 6726 $
1061  539 6733 $
1062  540 10118 $
1063  541 5738 $
1064  542 10138 $
1065  543 6919 $
1066  544 6097 $
1067  547 6531 $
1068  548 6940 $
1069  549 7934 $
1070  551 10244 $
1071  559 5470 $
1072  560 8908 $
1073  561 9131 $
1074  562 9104 $
1075  563 9080 $
1076  565 5582 $
1077  566 5588 $
1078  567 5590 $
1079  568 5593 $
1080  569 7776 $
1081  570 7779 $
1082  571 7781 $
1083  572 7782 $
1084  573 8903 $
1085  574 8881 $
1086  575 8878 $
1087  576 8874 $
1088  577 8872 $
1089  578 8869 $
1090  579 10565 $
1091  580 10557 $
1092  581 10548 $
1093  582 5992 $
1094  583 8534 $
1095  584 8542 $
1096  585 8545 $
1097  586 7745 $
1098  587 7742 $
1099  589 3453 $
1100  591 7080 $
1101  592 7743 $
1102  593 4709 $
1103  597 5195 $
1104  598 4708 $
1105  602 4721 $
1106  603 9571 $
1107  604 8268 $
1108  605 6653 $
1109  606 8882 $
1110  607 7227 $
1111  608 7228 $
1112  609 7239 $
1113  610 7623 $
1114  611 6658 $
1115  613 7395 $
1116  614 7396 $
1117  615 7442 $
1118  617 7580 $
1119  618 7583 $
1120  619 7574 $
1121  620 10381 $
1122  621 10379 $
1123  622 8336 $
1124  623 8297 $
1125  624 8296 $
1126  625 8257 $
1127  626 8254 $
1128  627 8253 $
1129  628 8213 $
1130  629 8196 $
1131  631 8186 $
1132  632 8905 $
1133  633 8932 $
1134  635 9042 $
1135  636 9055 $
1136  637 9057 $
1137  640 5931 $
1138  641 5908 $
1139  642 7063 $
1140  643 7055 $
1141  644 7049 $
1142  645 7144 $
1143  647 8816 $
1144  648 8139 $
1145  649 8123 $
1146  650 8673 $
1147  651 8366 $
1148  652 8375 $
1149  654 7169 $
1150  655 6867 $
1151  656 8722 $
1152  658 8653 $
1153  659 8592 $
1154  660 8580 $
1155  661 8549 $
1156  663 8537 $
1157  664 8509 $
1158  665 5476 $
1159  666 5458 $
1160  668 7660 $
1161  669 7666 $
1162  670 7710 $
1163  671 7712 $
1164  672 9861 $
1165  673 9873 $
1166  674 7788 $
1167  676 7887 $
1168  677 7920 $
1169  678 7932 $
1170  679 8001 $
1171  680 8014 $
1172  681 8019 $
1173  682 8024 $
1174  683 6230 $
1175  684 8068 $
1176  685 8070 $
1177  686 6038 $
1178  687 6062 $
1179  688 8013 $
1180  689 6117 $
1181  691 6131 $
1182  692 6190 $
1183  693 6203 $
1184  694 6245 $
1185  695 6313 $
1186  696 6756 $
1187  697 6742 $
1188  699 6783 $
1189  701 6074 $
1190  702 6814 $
1191  704 6911 $
1192  705 6936 $
1193  706 6945 $
1194  707 10050 $
1195  708 9950 $
1196  709 9912 $
1197  710 9736 $
1198  711 9629 $
1199  712 9605 $
1200  713 9518 $
1201  714 9527 $
1202  715 9835 $
1203  716 5497 $
1204  717 5532 $
1205  718 5534 $
1206  719 5577 $
1207  720 5634 $
1208  721 5641 $
1209  723 5720 $
1210  724 5796 $
1211  725 5826 $
1212  726 5830 $
1213  727 5843 $
1214  728 5858 $
1215  729 5863 $
1216  730 7086 $
1217  731 7092 $
1218  732 7105 $
1219  733 7208 $
1220  734 10173 $
1221  737 10238 $
1222  738 10241 $
1223  739 10338 $
1224  740 10355 $
1225  742 10456 $
1226  743 10418 $
1227  744 7370 $
1228  745 7346 $
1229  746 10555 $
1230  747 10556 $
1231  748 10617 $
1232  749 6981 $
1233  750 6954 $
1234  753 7791 $
1235  754 8538 $
1236  755 8548 $
1237  756 8708 $
1238  759 8364 $
1239  760 8113 $
1240  761 8177 $
1241  762 8754 $
1242  763 8780 $
1243  764 8787 $
1244  765 8795 $
1245  766 8804 $
1246  768 5961 $
1247  769 8978 $
1248  770 10226 $
1249  771 10248 $
1250  772 10283 $
1251  773 10293 $
1252  774 10360 $
1253  775 10363 $
1254  777 10503 $
1255  778 7356 $
1256  779 7421 $
1257  780 10580 $
1258  783 10468 $
1259  784 7535 $
1260  785 10319 $
1261  786 10397 $
1262  788 10328 $
1263  790 6594 $
1264  791 6530 $
1265  792 9461 $
1266  793 9388 $
1267  794 9386 $
1268  795 6180 $
1269  796 6149 $
1270  797 6104 $
1271  798 6064 $
1272  799 6054 $
1273  800 6025 $
1274  802 8020 $
1275  803 8021 $
1276  804 6786 $
1277  806 7330 $
1278  807 6184 $
1279  808 6222 $
1280  809 7650 $
1281  810 7640 $
1282  811 5824 $
1283  812 5852 $
1284  813 7088 $
1285  814 5571 $
1286  815 5655 $
1287  816 9347 $
1288  817 9320 $
1289  818 5705 $
1290  820 10423 $
1291  821 7576 $
1292  822 6975 $
1293  823 6627 $
1294  824 9492 $
1295  825 8219 $
1296  826 8229 $
1297  833 9697 $
1298  834 9701 $
1299  835 5511 $
1300  836 5510 $
1301  837 9837 $
1302  839 5469 $
1303  840 9871 $
1304  842 9864 $
1305  844 3715 $
1306  846 10104 $
1307  847 1698 $
1308  848 6953 $
1309  850 9637 $
1310  851 9189 $
1311  859 9177 $
1312  860 9173 $
1313  861 9172 $
1314  863 9162 $
1315  864 9148 $
1316  866 9140 $
1317  867 9137 $
1318  868 9136 $
1319  869 9135 $
1320  871 9129 $
1321  872 9128 $
1322  873 9124 $
1323  874 9110 $
1324  876 9100 $
1325  877 9096 $
1326  878 9095 $
1327  879 9092 $
1328  880 9086 $
1329  881 9082 $
1330  882 9079 $
1331  883 6600 $
1332  884 6599 $
1333  885 6597 $
1334  887 6593 $
1335  888 6584 $
1336  889 6583 $
1337  890 6579 $
1338  891 6578 $
1339  892 6573 $
1340  893 6572 $
1341  894 6571 $
1342  895 6570 $
1343  898 9757 $
1344  899 6534 $
1345  900 6533 $
1346  901 6523 $
1347  902 6518 $
1348  904 6514 $
1349  905 6511 $
1350  906 6508 $
1351  907 6507 $
1352  908 6505 $
1353  909 6504 $
1354  920 6450 $
1355  921 6445 $
1356  922 6444 $
1357  924 9778 $
1358  925 6517 $
1359  926 7027 $
1360  933 6295 $
1361  934 6293 $
1362  936 6289 $
1363  937 6288 $
1364  938 6286 $
1365  940 6788 $
1366  941 6789 $
1367  942 6790 $
1368  943 6791 $
1369  944 6793 $
1370  945 10343 $
1371  947 10341 $
1372  948 10339 $
1373  949 10337 $
1374  950 10335 $
1375  951 10334 $
1376  952 10311 $
1377  954 10306 $
1378  955 10300 $
1379  956 10297 $
1380  957 10295 $
1381  958 10289 $
1382  960 10274 $
1383  961 10268 $
1384  962 10260 $
1385  963 10259 $
1386  964 10258 $
1387  965 10257 $
1388  966 10252 $
1389  967 10246 $
1390  968 10245 $
1391  969 10235 $
1392  970 10230 $
1393  974 10220 $
1394  975 10216 $
1395  976 10214 $
1396  977 10210 $
1397  978 10208 $
1398  981 10199 $
1399  982 10196 $
1400  983 10195 $
1401  984 10194 $
1402  985 10191 $
1403  986 10187 $
1404  987 10185 $
1405  989 8987 $
1406  990 8989 $
1407  991 8991 $
1408  992 8992 $
1409  993 8997 $
1410  994 9002 $
1411  995 9009 $
1412  996 9011 $
1413  997 9013 $
1414  999 9016 $
1415  1000 9017 $
1416  1001 9025 $
1417  1002 9030 $
1418  1003 9031 $
1419  1004 9032 $
1420  1005 8971 $
1421  1006 8974 $
1422  1007 8982 $
1423  1008 8984 $
1424  1010 10181 $
1425  1011 10174 $
1426  1012 10167 $
1427  1013 10165 $
1428  1015 10160 $
1429  1016 10159 $
1430  1018 7449 $
1431  1020 10516 $
1432  1021 7377 $
1433  1022 7380 $
1434  1023 7381 $
1435  1024 7383 $
1436  1025 7384 $
1437  1026 7385 $
1438  1027 7386 $
1439  1028 7387 $
1440  1029 7388 $
1441  1030 7390 $
1442  1032 7581 $
1443  1033 7584 $
1444  1034 7586 $
1445  1037 7539 $
1446  1039 7544 $
1447  1040 7549 $
1448  1041 7554 $
1449  1042 7557 $
1450  1043 7561 $
1451  1044 7562 $
1452  1045 7563 $
1453  1048 10317 $
1454  1049 10316 $
1455  1051 10331 $
1456  1052 10403 $
1457  1053 10400 $
1458  1054 10399 $
1459  1055 10398 $
1460  1056 10396 $
1461  1058 10392 $
1462  1061 10387 $
1463  1062 10386 $
1464  1063 10385 $
1465  1064 10378 $
1466  1065 10408 $
1467  1066 10410 $
1468  1067 10329 $
1469  1068 10330 $
1470  1069 8331 $
1471  1070 8337 $
1472  1071 8339 $
1473  1074 8347 $
1474  1075 8349 $
1475  1077 10326 $
1476  1078 10324 $
1477  1080 10321 $
1478  1082 8324 $
1479  1085 8322 $
1480  1086 8321 $
1481  1087 8319 $
1482  1088 8318 $
1483  1089 8317 $
1484  1090 8316 $
1485  1091 8313 $
1486  1092 8311 $
1487  1093 8310 $
1488  1094 8309 $
1489  1095 8307 $
1490  1096 8305 $
1491  1097 8299 $
1492  1098 8298 $
1493  1099 8295 $
1494  1101 8292 $
1495  1102 8290 $
1496  1103 7302 $
1497  1104 6649 $
1498  1105 8429 $
1499  1114 6891 $
1500  1116 2079 $
1501  1119 6882 $
1502  1125 10154 $
1503  1126 9838 $
1504  1128 7166 $
1505  1129 7167 $
1506  1130 7170 $
1507  1131 7171 $
1508  1132 7173 $
1509  1136 8405 $
1510  1137 8398 $
1511  1139 8392 $
1512  1141 8381 $
1513  1143 8377 $
1514  1144 8374 $
1515  1145 8373 $
1516  1146 8372 $
1517  1147 8369 $
1518  1149 8362 $
1519  1150 8361 $
1520  1151 8360 $
1521  1152 8357 $
1522  1154 8352 $
1523  1155 8672 $
1524  1156 8674 $
1525  1157 8676 $
1526  1159 8680 $
1527  1160 8683 $
1528  1161 8684 $
1529  1162 8669 $
1530  1163 8668 $
1531  1164 8103 $
1532  1165 8104 $
1533  1166 8105 $
1534  1168 8108 $
1535  1169 8110 $
1536  1171 8114 $
1537  1172 8115 $
1538  1173 8118 $
1539  1174 8119 $
1540  1175 8120 $
1541  1176 8121 $
1542  1178 8133 $
1543  1179 8138 $
1544  1183 8150 $
1545  1184 8157 $
1546  1185 8160 $
1547  1186 8161 $
1548  1187 8162 $
1549  1188 9321 $
1550  1189 9313 $
1551  1190 9308 $
1552  1198 9300 $
1553  1199 9299 $
1554  1200 9293 $
1555  1201 9290 $
1556  1202 9276 $
1557  1203 9538 $
1558  1204 9539 $
1559  1205 9540 $
1560  1206 9542 $
1561  1208 3562 $
1562  1211 9273 $
1563  1212 9274 $
1564  1215 9387 $
1565  1218 9406 $
1566  1220 9381 $
1567  1222 6415 $
1568  1225 9326 $
1569  1228 9335 $
1570  1229 9342 $
1571  1231 6021 $
1572  1233 9374 $
1573  1235 9377 $
1574  1237 6296 $
1575  1239 5672 $
1576  1240 5671 $
1577  1241 5667 $
1578  1242 5666 $
1579  1243 5664 $
1580  1244 5663 $
1581  1245 5659 $
1582  1246 5657 $
1583  1247 5656 $
1584  1248 5653 $
1585  1249 5649 $
1586  1250 5646 $
1587  1251 5645 $
1588  1252 5644 $
1589  1253 5638 $
1590  1254 5637 $
1591  1255 5636 $
1592  1256 5635 $
1593  1257 5632 $
1594  1258 5631 $
1595  1259 5630 $
1596  1260 5628 $
1597  1261 5627 $
1598  1262 5626 $
1599  1263 5625 $
1600  1265 5622 $
1601  1266 5621 $
1602  1267 5618 $
1603  1268 5617 $
1604  1269 5615 $
1605  1270 5614 $
1606  1271 5605 $
1607  1272 5604 $
1608  1274 5602 $
1609  1275 5601 $
1610  1276 5591 $
1611  1278 5587 $
1612  1279 5580 $
1613  1280 5579 $
1614  1281 5578 $
1615  1282 5569 $
1616  1283 5563 $
1617  1284 5560 $
1618  1286 5550 $
1619  1287 5549 $
1620  1288 5548 $
1621  1289 5547 $
1622  1290 5545 $
1623  1291 5536 $
1624  1292 5533 $
1625  1293 5531 $
1626  1295 5528 $
1627  1296 5525 $
1628  1299 5517 $
1629  1301 5516 $
1630  1303 5513 $
1631  1304 5502 $
1632  1306 5499 $
1633  1307 5484 $
1634  1308 10058 $
1635  1309 10057 $
1636  1310 10055 $
1637  1311 10053 $
1638  1312 10049 $
1639  1313 10048 $
1640  1315 10026 $
1641  1316 10024 $
1642  1317 10023 $
1643  1318 10022 $
1644  1319 10016 $
1645  1320 10015 $
1646  1321 10013 $
1647  1322 10012 $
1648  1324 10008 $
1649  1325 10007 $
1650  1326 10006 $
1651  1328 10001 $
1652  1329 10000 $
1653  1330 9998 $
1654  1331 9996 $
1655  1332 9995 $
1656  1335 9989 $
1657  1337 9986 $
1658  1340 9975 $
1659  1341 9974 $
1660  1346 9957 $
1661  1347 9935 $
1662  1348 9934 $
1663  1350 9927 $
1664  1351 9925 $
1665  1353 9906 $
1666  1354 9905 $
1667  1355 9904 $
1668  1356 9903 $
1669  1357 9897 $
1670  1359 9883 $
1671  1360 9882 $
1672  1361 9856 $
1673  1362 9855 $
1674  1363 9852 $
1675  1364 9850 $
1676  1365 9754 $
1677  1366 7533 $
1678  1367 7532 $
1679  1368 7528 $
1680  1369 7527 $
1681  1370 7526 $
1682  1371 7520 $
1683  1372 7518 $
1684  1373 7517 $
1685  1374 7514 $
1686  1375 7510 $
1687  1376 7509 $
1688  1377 7508 $
1689  1386 7507 $
1690  1387 10454 $
1691  1389 10459 $
1692  1390 10461 $
1693  1391 10463 $
1694  1392 10464 $
1695  1393 10420 $
1696  1394 10429 $
1697  1395 10437 $
1698  1396 10438 $
1699  1397 10445 $
1700  1398 10446 $
1701  1399 10447 $
1702  1400 10449 $
1703  1401 7505 $
1704  1402 7503 $
1705  1403 7501 $
1706  1404 7499 $
1707  1405 10484 $
1708  1407 10488 $
1709  1408 10494 $
1710  1409 10495 $
1711  1411 10508 $
1712  1412 7365 $
1713  1413 6221 $
1714  1414 6216 $
1715  1416 6211 $
1716  1417 6210 $
1717  1418 7809 $
1718  1420 6201 $
1719  1421 6198 $
1720  1422 6197 $
1721  1424 6192 $
1722  1425 6186 $
1723  1426 6179 $
1724  1427 6175 $
1725  1428 6169 $
1726  1429 6167 $
1727  1430 6162 $
1728  1431 6157 $
1729  1432 6151 $
1730  1433 6145 $
1731  1434 6144 $
1732  1437 6135 $
1733  1439 6132 $
1734  1440 6118 $
1735  1442 6115 $
1736  1443 6114 $
1737  1444 6113 $
1738  1445 6105 $
1739  1446 6103 $
1740  1447 6094 $
1741  1448 6087 $
1742  1449 6085 $
1743  1450 6082 $
1744  1451 6080 $
1745  1452 6079 $
1746  1453 6077 $
1747  1454 8651 $
1748  1455 8650 $
1749  1456 8647 $
1750  1457 8644 $
1751  1458 8643 $
1752  1460 8639 $
1753  1461 8635 $
1754  1462 8633 $
1755  1463 8628 $
1756  1464 8627 $
1757  1465 8624 $
1758  1466 8622 $
1759  1467 8621 $
1760  1468 8618 $
1761  1469 8615 $
1762  1470 8612 $
1763  1471 8611 $
1764  1472 8606 $
1765  1473 8602 $
1766  1474 8601 $
1767  1475 8600 $
1768  1477 8596 $
1769  1479 8593 $
1770  1480 8591 $
1771  1482 8579 $
1772  1483 8577 $
1773  1484 8576 $
1774  1485 8574 $
1775  1486 8570 $
1776  1487 8566 $
1777  1489 8558 $
1778  1490 8556 $
1779  1491 8555 $
1780  1492 8554 $
1781  1494 8550 $
1782  1496 8544 $
1783  1497 8543 $
1784  1498 8541 $
1785  1499 8539 $
1786  1500 8536 $
1787  1501 8535 $
1788  1502 8533 $
1789  1503 8530 $
1790  1504 8521 $
1791  1508 9819 $
1792  1514 9452 $
1793  1515 9456 $
1794  1517 9460 $
1795  1518 9465 $
1796  1519 9466 $
1797  1520 9468 $
1798  1521 9469 $
1799  1522 9470 $
1800  1523 9471 $
1801  1524 9472 $
1802  1525 9476 $
1803  1526 9477 $
1804  1527 9478 $
1805  1528 9483 $
1806  1529 9487 $
1807  1530 9488 $
1808  1531 9491 $
1809  1532 7020 $
1810  1533 7021 $
1811  1534 6434 $
1812  1535 6432 $
1813  1536 6428 $
1814  1537 6370 $
1815  1539 6425 $
1816  1540 6424 $
1817  1541 6422 $
1818  1542 6421 $
1819  1543 6420 $
1820  1544 6419 $
1821  1545 5683 $
1822  1547 7097 $
1823  1548 7094 $
1824  1549 7089 $
1825  1551 7083 $
1826  1552 7078 $
1827  1553 7077 $
1828  1556 5878 $
1829  1557 5872 $
1830  1558 5866 $
1831  1559 5861 $
1832  1560 5860 $
1833  1561 5859 $
1834  1562 5855 $
1835  1563 5854 $
1836  1564 5851 $
1837  1565 5850 $
1838  1566 5849 $
1839  1567 5841 $
1840  1568 5840 $
1841  1570 5831 $
1842  1571 5829 $
1843  1572 5828 $
1844  1573 5822 $
1845  1574 5819 $
1846  1575 5817 $
1847  1576 5816 $
1848  1577 5814 $
1849  1578 5812 $
1850  1579 5809 $
1851  1580 5803 $
1852  1582 5428 $
1853  1585 5425 $
1854  1586 5424 $
1855  1588 7638 $
1856  1590 7643 $
1857  1591 7652 $
1858  1592 7663 $
1859  1593 7668 $
1860  1594 7670 $
1861  1596 7672 $
1862  1597 7673 $
1863  1598 7674 $
1864  1599 7677 $
1865  1600 7678 $
1866  1601 7679 $
1867  1602 7680 $
1868  1603 7687 $
1869  1604 7690 $
1870  1605 7691 $
1871  1606 7692 $
1872  1607 7694 $
1873  1608 7697 $
1874  1609 7701 $
1875  1610 7702 $
1876  1611 7705 $
1877  1612 7706 $
1878  1613 7707 $
1879  1614 7708 $
1880  1615 7709 $
1881  1616 7711 $
1882  1617 7715 $
1883  1618 7716 $
1884  1619 7720 $
1885  1620 7721 $
1886  1621 7724 $
1887  1622 7725 $
1888  1623 7726 $
1889  1624 7729 $
1890  1625 7737 $
1891  1626 7738 $
1892  1627 7740 $
1893  1628 7741 $
1894  1629 7744 $
1895  1630 7746 $
1896  1631 7747 $
1897  1632 7748 $
1898  1633 7750 $
1899  1634 7752 $
1900  1635 7759 $
1901  1638 7818 $
1902  1639 8017 $
1903  1640 8010 $
1904  1641 8003 $
1905  1642 8000 $
1906  1645 7983 $
1907  1647 7980 $
1908  1648 7978 $
1909  1649 7976 $
1910  1650 7974 $
1911  1651 7973 $
1912  1652 7967 $
1913  1653 7959 $
1914  1654 7958 $
1915  1655 7957 $
1916  1657 7953 $
1917  1658 7952 $
1918  1659 7951 $
1919  1661 7946 $
1920  1662 7945 $
1921  1664 7937 $
1922  1665 7933 $
1923  1666 7931 $
1924  1667 7927 $
1925  1668 7922 $
1926  1670 7917 $
1927  1671 7907 $
1928  1672 7906 $
1929  1673 7905 $
1930  1674 7904 $
1931  1675 7903 $
1932  1676 7901 $
1933  1677 7900 $
1934  1678 7899 $
1935  1679 7896 $
1936  1681 7891 $
1937  1683 7430 $
1938  1684 7428 $
1939  1685 7427 $
1940  1686 7426 $
1941  1687 7423 $
1942  1688 7422 $
1943  1690 10544 $
1944  1692 10551 $
1945  1693 10560 $
1946  1694 10563 $
1947  1695 10566 $
1948  1696 10574 $
1949  1707 6822 $
1950  1709 6831 $
1951  1710 6833 $
1952  1712 6837 $
1953  1714 6858 $
1954  1716 6860 $
1955  1717 6861 $
1956  1718 6864 $
1957  1719 6896 $
1958  1721 6899 $
1959  1723 6905 $
1960  1724 6908 $
1961  1725 6910 $
1962  1726 6915 $
1963  1727 6917 $
1964  1728 6918 $
1965  1729 6928 $
1966  1730 6931 $
1967  1731 6951 $
1968  1732 6952 $
1969  1738 7824 $
1970  1739 9751 $
1971  1740 5679 $
1972  1741 5680 $
1973  1742 9802 $
1974  1743 9803 $
1975  1744 5475 $
1976  1745 5471 $
1977  1746 5467 $
1978  1747 5465 $
1979  1748 5464 $
1980  1749 5456 $
1981  1750 5455 $
1982  1751 5452 $
1983  1753 5442 $
1984  1754 9562 $
1985  1755 9564 $
1986  1756 9568 $
1987  1757 9569 $
1988  1758 9572 $
1989  1759 9573 $
1990  1761 9586 $
1991  1762 5441 $
1992  1763 8414 $
1993  1764 8421 $
1994  1765 7763 $
1995  1766 7766 $
1996  1767 7767 $
1997  1768 7768 $
1998  1769 7771 $
1999  1770 7773 $
2000  1771 7775 $
2001  1772 7777 $
2002  1773 7778 $
2003  1774 7780 $
2004  1775 7783 $
2005  1776 7784 $
2006  1777 7785 $
2007  1778 7786 $
2008  1779 7787 $
2009  1781 9859 $
2010  1782 9862 $
2011  1783 9863 $
2012  1785 9869 $
2013  1786 9877 $
2014  1787 9878 $
2015  1788 7794 $
2016  1791 7800 $
2017  1792 5492 $
2018  1795 7840 $
2019  1798 7844 $
2020  1799 7845 $
2021  1800 7847 $
2022  1801 7848 $
2023  1802 7852 $
2024  1803 7855 $
2025  1804 8185 $
2026  1805 8188 $
2027  1806 8192 $
2028  1807 8193 $
2029  1808 8195 $
2030  1809 8198 $
2031  1810 8200 $
2032  1812 8214 $
2033  1813 8216 $
2034  1814 8217 $
2035  1815 8218 $
2036  1817 8222 $
2037  1818 8230 $
2038  1819 8233 $
2039  1820 8234 $
2040  1821 8243 $
2041  1822 8244 $
2042  1823 9434 $
2043  1824 10157 $
2044  1825 7618 $
2045  1826 7620 $
2046  1828 7624 $
2047  1829 7625 $
2048  1830 7626 $
2049  1831 7628 $
2050  1832 7629 $
2051  1833 7631 $
2052  1834 7632 $
2053  1835 7634 $
2054  1836 6715 $
2055  1837 6710 $
2056  1839 6707 $
2057  1840 6705 $
2058  1843 6674 $
2059  1844 6672 $
2060  1845 6669 $
2061  1847 6620 $
2062  1848 6612 $
2063  1849 6610 $
2064  1850 6608 $
2065  1851 6605 $
2066  1852 6603 $
2067  1853 6955 $
2068  1854 6957 $
2069  1856 6959 $
2070  1857 6962 $
2071  1859 6963 $
2072  1860 6964 $
2073  1861 6971 $
2074  1863 6976 $
2075  1864 6985 $
2076  1865 6986 $
2077  1866 6991 $
2078  1868 7011 $
2079  1869 7012 $
2080  1871 7357 $
2081  1872 7355 $
2082  1873 7354 $
2083  1876 7345 $
2084  1877 7343 $
2085  1878 7342 $
2086  1879 7609 $
2087  1881 7589 $
2088  1886 7392 $
2089  1887 7320 $
2090  1888 7319 $
2091  1889 7316 $
2092  1890 7310 $
2093  1891 7309 $
2094  1892 7308 $
2095  1893 7305 $
2096  1894 7303 $
2097  1900 5798 $
2098  1901 5793 $
2099  1902 5790 $
2100  1903 5785 $
2101  1904 5768 $
2102  1905 5760 $
2103  1906 5759 $
2104  1907 5758 $
2105  1909 5734 $
2106  1910 5730 $
2107  1911 5729 $
2108  1912 5724 $
2109  1913 5717 $
2110  1914 5715 $
2111  1917 5710 $
2112  1918 5707 $
2113  1921 8164 $
2114  1922 8167 $
2115  1924 8172 $
2116  1926 8175 $
2117  1927 8176 $
2118  1929 8181 $
2119  1932 8775 $
2120  1933 8777 $
2121  1934 8778 $
2122  1935 8783 $
2123  1936 8786 $
2124  1938 8789 $
2125  1939 8791 $
2126  1940 8792 $
2127  1941 8793 $
2128  1942 8794 $
2129  1943 8796 $
2130  1944 8797 $
2131  1945 8799 $
2132  1946 8800 $
2133  1947 8801 $
2134  1949 8803 $
2135  1950 8805 $
2136  1951 8806 $
2137  1952 8807 $
2138  1953 8811 $
2139  1954 8812 $
2140  1955 8818 $
2141  1956 8819 $
2142  1957 8821 $
2143  1958 8823 $
2144  1959 8863 $
2145  1960 8864 $
2146  1961 8865 $
2147  1962 8870 $
2148  1963 8875 $
2149  1964 8890 $
2150  1965 8893 $
2151  1966 8906 $
2152  1967 8907 $
2153  1968 8911 $
2154  1969 8912 $
2155  1970 8913 $
2156  1971 8914 $
2157  1978 8921 $
2158  1979 8923 $
2159  1980 8927 $
2160  1981 8928 $
2161  1982 8929 $
2162  1983 8930 $
2163  1984 8933 $
2164  1985 8945 $
2165  1989 3082 $
2166  1991 9640 $
2167  1992 9645 $
2168  1994 9655 $
2169  1995 9658 $
2170  1996 9666 $
2171  1997 9667 $
2172  1998 9668 $
2173  1999 9671 $
2174  2000 9672 $
2175  2001 9677 $
2176  2002 9678 $
2177  2006 9696 $
2178  2007 9699 $
2179  2008 9700 $
2180  2013 6012 $
2181  2014 6011 $
2182  2015 6009 $
2183  2016 5955 $
2184  2017 5953 $
2185  2018 5951 $
2186  2019 5950 $
2187  2020 5948 $
2188  2021 5946 $
2189  2022 5945 $
2190  2023 9353 $
2191  2024 5937 $
2192  2026 5936 $
2193  2027 8503 $
2194  2036 2037 $
2195  2038 7184 $
2196  2039 7207 $
2197  2040 10120 $
2198  2041 10125 $
2199  2043 10127 $
2200  2044 10135 $
2201  2045 10353 $
2202  2046 10361 $
2203  2047 10366 $
2204  2048 10367 $
2205  2049 10370 $
2206  2050 7612 $
2207  2051 7611 $
2208  2052 7335 $
2209  2053 7333 $
2210  2054 7331 $
2211  2055 7329 $
2212  2056 7276 $
2213  2058 7270 $
2214  2059 7269 $
2215  2061 7262 $
2216  2062 7261 $
2217  2064 7258 $
2218  2066 7256 $
2219  2067 7255 $
2220  2068 7253 $
2221  2070 7251 $
2222  2071 7246 $
2223  2072 7241 $
2224  2073 7238 $
2225  2074 7237 $
2226  2076 7226 $
2227  2077 7224 $
2228  2080 6073 $
2229  2081 6071 $
2230  2082 6070 $
2231  2083 6068 $
2232  2084 6066 $
2233  2085 6065 $
2234  2086 6063 $
2235  2087 10595 $
2236  2088 6059 $
2237  2089 6058 $
2238  2090 6056 $
2239  2091 6053 $
2240  2092 6052 $
2241  2093 6051 $
2242  2095 6047 $
2243  2096 6045 $
2244  2097 6044 $
2245  2098 6043 $
2246  2099 6042 $
2247  2100 6039 $
2248  2101 6034 $
2249  2102 6028 $
2250  2103 6027 $
2251  2104 6026 $
2252  2105 8102 $
2253  2106 8100 $
2254  2107 8098 $
2255  2111 3138 $
2256  2115 4696 $
2257  2118 5168 $
2258  2119 10615 $
2259  2120 10614 $
2260  2121 10613 $
2261  2122 10612 $
2262  2123 10611 $
2263  2124 10610 $
2264  2131 7188 $
2265  2132 5674 $
2266  2134 8275 $
2267  2135 8274 $
2268  2136 8273 $
2269  2137 8271 $
2270  2138 8269 $
2271  2139 8267 $
2272  2140 5929 $
2273  2141 8389 $
2274  2142 5925 $
2275  2143 5924 $
2276  2144 9074 $
2277  2147 9054 $
2278  2150 9050 $
2279  2151 9049 $
2280  2152 9048 $
2281  2154 9046 $
2282  2155 9043 $
2283  2156 9038 $
2284  2157 8968 $
2285  2158 8967 $
2286  2159 8966 $
2287  2160 8965 $
2288  2161 8964 $
2289  2162 8963 $
2290  2163 8961 $
2291  2164 8958 $
2292  2165 8956 $
2293  2166 8953 $
2294  2168 5968 $
2295  2169 5969 $
2296  2171 5974 $
2297  2172 5976 $
2298  2173 5977 $
2299  2174 5978 $
2300  2175 5981 $
2301  2176 5982 $
2302  2177 5991 $
2303  2178 5993 $
2304  2179 5998 $
2305  2180 10148 $
2306  2181 10149 $
2307  2188 6414 $
2308  2192 6244 $
2309  2193 9536 $
2310  2194 9528 $
2311  2195 9519 $
2312  2196 9513 $
2313  2197 9506 $
2314  2198 9505 $
2315  2199 9504 $
2316  2200 9503 $
2317  2201 9501 $
2318  2202 9499 $
2319  2204 9498 $
2320  2205 9497 $
2321  2206 9496 $
2322  2207 9495 $
2323  2208 9494 $
2324  2209 9493 $
2325  2210 9548 $
2326  2211 9549 $
2327  2212 9550 $
2328  2213 9555 $
2329  2215 7047 $
2330  2216 7048 $
2331  2217 7052 $
2332  2218 7053 $
2333  2219 7062 $
2334  2220 7070 $
2335  2221 5902 $
2336  2222 5903 $
2337  2223 5910 $
2338  2224 5912 $
2339  2225 5914 $
2340  2226 5917 $
2341  2227 9635 $
2342  2228 9633 $
2343  2229 9630 $
2344  2230 9628 $
2345  2231 9623 $
2346  2232 9622 $
2347  2233 9619 $
2348  2234 9618 $
2349  2235 9617 $
2350  2237 9607 $
2351  2239 9604 $
2352  2240 9603 $
2353  2241 9602 $
2354  2242 9600 $
2355  2243 9599 $
2356  2245 9590 $
2357  2246 9561 $
2358  2249 8082 $
2359  2250 8081 $
2360  2251 8080 $
2361  2252 8078 $
2362  2253 8076 $
2363  2256 8065 $
2364  2257 6232 $
2365  2258 9710 $
2366  2259 9711 $
2367  2260 9713 $
2368  2261 9714 $
2369  2263 9719 $
2370  2264 9721 $
2371  2265 9723 $
2372  2266 9724 $
2373  2267 9725 $
2374  2268 9727 $
2375  2269 9729 $
2376  2270 9733 $
2377  2274 6817 $
2378  2275 6816 $
2379  2276 6815 $
2380  2278 6334 $
2381  2280 6339 $
2382  2283 6475 $
2383  2284 6474 $
2384  2286 7151 $
2385  2293 7150 $
2386  2294 7148 $
2387  2295 7145 $
2388  2297 7139 $
2389  2299 7134 $
2390  2302 8744 $
2391  2303 8742 $
2392  2304 8739 $
2393  2305 8735 $
2394  2307 8731 $
2395  2308 8727 $
2396  2309 8726 $
2397  2310 8725 $
2398  2311 8723 $
2399  2312 8720 $
2400  2315 8714 $
2401  2316 8710 $
2402  2317 8707 $
2403  2319 7407 $
2404  2320 7408 $
2405  2321 7440 $
2406  2322 10066 $
2407  2323 10067 $
2408  2324 10068 $
2409  2325 10069 $
2410  2326 10070 $
2411  2327 10071 $
2412  2328 10075 $
2413  2329 10076 $
2414  2330 10093 $
2415  2331 10096 $
2416  2332 10097 $
2417  2333 10098 $
2418  2334 6270 $
2419  2335 6273 $
2420  2336 6276 $
2421  2337 6277 $
2422  2339 6316 $
2423  2340 6318 $
2424  2341 6319 $
2425  2342 6306 $
2426  2345 8028 $
2427  2346 8040 $
2428  2347 8041 $
2429  2348 8043 $
2430  2350 8049 $
2431  2351 8056 $
2432  2352 8839 $
2433  2353 8836 $
2434  2354 8835 $
2435  2356 8833 $
2436  2358 8825 $
2437  2367 7155 $
2438  2368 7156 $
2439  2369 7158 $
2440  2370 7159 $
2441  2373 7161 $
2442  2374 8844 $
2443  2375 8848 $
2444  2376 8852 $
2445  2377 8854 $
2446  2378 8856 $
2447  2380 7886 $
2448  2381 7881 $
2449  2382 7875 $
2450  2383 7871 $
2451  2385 10658 $
2452  2386 10139 $
2453  2387 5965 $
2454  2388 5967 $
2455  2391 8656 $
2456  2392 8657 $
2457  2393 10349 $
2458  2397 2793 $
2459  2398 4822 $
2460  2404 7447 $
2461  2410 5214 $
2462  2417 4786 $
2463  2419 5825 $
2464  2420 5827 $
2465  2421 5862 $
2466  2422 5875 $
2467  2423 5890 $
2468  2425 7096 $
2469  2426 7106 $
2470  2429 9089 $
2471  2430 7180 $
2472  2431 7197 $
2473  2433 10128 $
2474  2434 5962 $
2475  2439 5979 $
2476  2441 10170 $
2477  2442 10176 $
2478  2444 9294 $
2479  2445 9280 $
2480  2448 9171 $
2481  2450 9118 $
2482  2451 9113 $
2483  2452 6591 $
2484  2453 8111 $
2485  2456 8145 $
2486  2457 8155 $
2487  2458 8158 $
2488  2459 8179 $
2489  2460 8753 $
2490  2462 8756 $
2491  2463 8764 $
2492  2464 8770 $
2493  2465 8779 $
2494  2466 8790 $
2495  2467 8827 $
2496  2470 8050 $
2497  2472 8035 $
2498  2474 3454 $
2499  2475 8022 $
2500  2477 7999 $
2501  2479 7990 $
2502  2481 7955 $
2503  2483 7943 $
2504  2484 7930 $
2505  2485 7928 $
2506  2486 7924 $
2507  2487 7915 $
2508  2488 7898 $
2509  2489 7893 $
2510  2491 7873 $
2511  2492 7870 $
2512  2493 8227 $
2513  2494 8239 $
2514  2495 8246 $
2515  2496 8248 $
2516  2497 8256 $
2517  2499 8315 $
2518  2501 10409 $
2519  2502 10315 $
2520  2504 7555 $
2521  2505 7545 $
2522  2506 10340 $
2523  2507 10336 $
2524  2508 10313 $
2525  2509 10309 $
2526  2511 10267 $
2527  2512 10266 $
2528  2513 10255 $
2529  2514 10215 $
2530  2516 8988 $
2531  2517 8998 $
2532  2518 9004 $
2533  2520 9012 $
2534  2521 9014 $
2535  2522 9022 $
2536  2523 9027 $
2537  2524 8970 $
2538  2525 8977 $
2539  2526 8979 $
2540  2527 8983 $
2541  2529 6081 $
2542  2531 6037 $
2543  2532 6035 $
2544  2533 6031 $
2545  2540 6883 $
2546  2541 6885 $
2547  2542 6888 $
2548  2543 6408 $
2549  2546 8390 $
2550  2547 8386 $
2551  2548 8382 $
2552  2549 8671 $
2553  2550 6666 $
2554  2553 6606 $
2555  2554 6602 $
2556  2555 6974 $
2557  2557 6998 $
2558  2558 7853 $
2559  2560 7793 $
2560  2561 9874 $
2561  2564 7703 $
2562  2565 9641 $
2563  2566 9657 $
2564  2568 9691 $
2565  2569 9708 $
2566  2572 9901 $
2567  2573 9922 $
2568  2574 9923 $
2569  2576 9985 $
2570  2577 10031 $
2571  2578 10035 $
2572  2579 10038 $
2573  2580 10040 $
2574  2581 10042 $
2575  2582 10052 $
2576  2583 9275 $
2577  2584 8648 $
2578  2585 8646 $
2579  2586 8640 $
2580  2587 8634 $
2581  2588 8614 $
2582  2589 8605 $
2583  2591 8595 $
2584  2592 8582 $
2585  2593 8572 $
2586  2594 8551 $
2587  2595 8526 $
2588  2596 8518 $
2589  2597 8514 $
2590  2598 8876 $
2591  2603 9062 $
2592  2605 9073 $
2593  2608 10443 $
2594  2609 10433 $
2595  2610 10460 $
2596  2613 9587 $
2597  2615 9563 $
2598  2616 5463 $
2599  2618 8419 $
2600  2619 8415 $
2601  2622 9525 $
2602  2623 9521 $
2603  2624 9514 $
2604  2626 9500 $
2605  2627 9559 $
2606  2628 9560 $
2607  2629 3559 $
2608  2630 9598 $
2609  2631 9612 $
2610  2632 9616 $
2611  2633 7017 $
2612  2635 6426 $
2613  2636 6423 $
2614  2637 6410 $
2615  2640 6811 $
2616  2642 7026 $
2617  2643 7025 $
2618  2644 6457 $
2619  2645 6460 $
2620  2648 6510 $
2621  2649 6522 $
2622  2650 6525 $
2623  2651 6528 $
2624  2652 6529 $
2625  2654 6950 $
2626  2655 6944 $
2627  2656 6939 $
2628  2657 6930 $
2629  2660 6898 $
2630  2661 6854 $
2631  2663 6848 $
2632  2664 6839 $
2633  2665 6834 $
2634  2668 7057 $
2635  2669 7060 $
2636  2670 7064 $
2637  2671 7071 $
2638  2672 5895 $
2639  2673 5897 $
2640  2674 5916 $
2641  2678 5697 $
2642  2679 5698 $
2643  2680 5711 $
2644  2682 5716 $
2645  2683 5737 $
2646  2684 5754 $
2647  2685 5771 $
2648  2686 5791 $
2649  2690 9446 $
2650  2691 9453 $
2651  2692 9479 $
2652  2694 9485 $
2653  2695 9486 $
2654  2696 9489 $
2655  2699 6219 $
2656  2702 6205 $
2657  2703 6185 $
2658  2704 6178 $
2659  2705 6174 $
2660  2707 9367 $
2661  2708 9363 $
2662  2709 7240 $
2663  2710 7236 $
2664  2711 7229 $
2665  2712 7311 $
2666  2713 7317 $
2667  2716 10607 $
2668  2719 5596 $
2669  2720 5594 $
2670  2721 5584 $
2671  2722 5570 $
2672  2724 5556 $
2673  2725 6725 $
2674  2726 6732 $
2675  2727 6734 $
2676  2729 6760 $
2677  2730 6771 $
2678  2734 6324 $
2679  2735 9354 $
2680  2736 5944 $
2681  2737 5642 $
2682  2738 5647 $
2683  2739 5665 $
2684  2741 10561 $
2685  2742 10564 $
2686  2744 6283 $
2687  2745 6272 $
2688  2748 6236 $
2689  2749 9218 $
2690  2750 6804 $
2691  2751 6806 $
2692  2752 6807 $
2693  2756 10064 $
2694  2757 10077 $
2695  2758 10089 $
2696  2761 5504 $
2697  2764 7588 $
2698  2765 7590 $
2699  2766 7591 $
2700  2767 7603 $
2701  2768 10365 $
2702  2769 8712 $
2703  2772 9325 $
2704  2773 9349 $
2705  2774 2968 $
2706  2776 7374 $
2707  2778 7324 $
2708  2779 7323 $
2709  2780 7216 $
2710  2781 7273 $
2711  2782 7351 $
2712  2783 10511 $
2713  2784 7531 $
2714  2785 7658 $
2715  2786 10530 $
2716  2787 10657 $
2717  2788 8660 $
2718  2800 6916 $
2719  2803 8184 $
2720  2804 8531 $
2721  2806 7054 $
2722  2807 7046 $
2723  2808 8356 $
2724  2810 9731 $
2725  2813 9566 $
2726  2816 9147 $
2727  2817 9142 $
2728  2818 5572 $
2729  2821 7593 $
2730  2822 8843 $
2731  2823 8406 $
2732  2825 7797 $
2733  2826 6369 $
2734  2827 10020 $
2735  2828 8079 $
2736  2829 10047 $
2737  2831 7444 $
2738  2832 8332 $
2739  2833 6754 $
2740  2834 6755 $
2741  2835 6757 $
2742  2837 10540 $
2743  2840 8302 $
2744  2841 6336 $
2745  2842 10539 $
2746  2843 5629 $
2747  2844 7939 $
2748  2845 7962 $
2749  2847 7254 $
2750  2850 9653 $
2751  2852 10596 $
2752  2854 8513 $
2753  2856 4783 $
2754  2857 6345 $
2755  2864 4686 $
2756  2865 10483 $
2757  2866 9192 $
2758  2868 10108 $
2759  2869 8241 $
2760  2872 5757 $
2761  2873 6513 $
2762  2874 5732 $
2763  2876 6343 $
2764  2877 9287 $
2765  2878 6671 $
2766  2881 3202 $
2767  2887 6684 $
2768  2888 6685 $
2769  2889 6686 $
2770  2890 6687 $
2771  2891 6688 $
2772  2893 6692 $
2773  2894 6693 $
2774  2895 6694 $
2775  2897 3350 $
2776  2905 7282 $
2777  2906 7222 $
2778  2907 7225 $
2779  2908 7230 $
2780  2910 7244 $
2781  2913 7265 $
2782  2914 7267 $
2783  2915 7268 $
2784  2918 7219 $
2785  2919 7218 $
2786  2920 7217 $
2787  2921 7322 $
2788  2922 7325 $
2789  2923 7326 $
2790  2924 7328 $
2791  2925 7332 $
2792  2926 7341 $
2793  2927 7614 $
2794  2928 7617 $
2795  2929 9823 $
2796  2930 7627 $
2797  2931 7633 $
2798  2932 6717 $
2799  2933 6716 $
2800  2934 4954 $
2801  2936 6713 $
2802  2937 6711 $
2803  2938 6708 $
2804  2939 6704 $
2805  2940 6702 $
2806  2941 6701 $
2807  2947 7312 $
2808  2948 7313 $
2809  2950 7315 $
2810  2951 7318 $
2811  2952 7215 $
2812  2953 7401 $
2813  2955 7405 $
2814  2956 7406 $
2815  2957 7409 $
2816  2959 7413 $
2817  2962 10537 $
2818  2974 4154 $
2819  2980 10513 $
2820  2981 10512 $
2821  2982 7376 $
2822  2983 7378 $
2823  2985 7214 $
2824  2986 7212 $
2825  2987 7209 $
2826  2988 7578 $
2827  2989 7579 $
2828  2990 10480 $
2829  2992 10477 $
2830  2994 10474 $
2831  2995 10473 $
2832  2996 10471 $
2833  2997 7536 $
2834  2998 7538 $
2835  3000 10629 $
2836  3001 7543 $
2837  3003 7550 $
2838  3004 7556 $
2839  3005 7565 $
2840  3006 7566 $
2841  3007 7569 $
2842  3008 7570 $
2843  3009 10332 $
2844  3010 7575 $
2845  3011 10394 $
2846  3013 10382 $
2847  3014 10411 $
2848  3016 8330 $
2849  3017 8346 $
2850  3022 4600 $
2851  3024 8314 $
2852  3025 8312 $
2853  3026 8308 $
2854  3027 8306 $
2855  3033 8425 $
2856  3039 8252 $
2857  3040 8251 $
2858  3041 8250 $
2859  3042 8249 $
2860  3043 8247 $
2861  3044 8245 $
2862  3045 8242 $
2863  3046 8237 $
2864  3047 8231 $
2865  3048 8225 $
2866  3050 8215 $
2867  3051 8212 $
2868  3052 8211 $
2869  3058 8199 $
2870  3059 8197 $
2871  3060 8190 $
2872  3061 8862 $
2873  3062 8871 $
2874  3064 8910 $
2875  3065 8915 $
2876  3066 5919 $
2877  3067 7454 $
2878  3071 8931 $
2879  3072 8935 $
2880  3073 8938 $
2881  3074 8939 $
2882  3076 8942 $
2883  3077 8943 $
2884  3078 8946 $
2885  3080 3201 $
2886  3085 8663 $
2887  3089 8955 $
2888  3090 8959 $
2889  3091 8960 $
2890  3092 8969 $
2891  3093 9035 $
2892  3094 9036 $
2893  3095 9039 $
2894  3096 9040 $
2895  3097 9041 $
2896  3098 9053 $
2897  3100 9059 $
2898  3101 9065 $
2899  3102 9071 $
2900  3103 9075 $
2901  3105 6024 $
2902  3106 6023 $
2903  3107 6022 $
2904  3109 6014 $
2905  3111 6010 $
2906  3112 6008 $
2907  3113 6007 $
2908  3114 6006 $
2909  3115 6005 $
2910  3116 6004 $
2911  3117 6002 $
2912  3118 5949 $
2913  3119 5943 $
2914  3120 5942 $
2915  3121 5941 $
2916  3122 5940 $
2917  3126 9807 $
2918  3127 9806 $
2919  3128 5938 $
2920  3129 5934 $
2921  3130 8502 $
2922  3142 5321 $
2923  3148 7190 $
2924  3150 8270 $
2925  3151 5923 $
2926  3152 5922 $
2927  3155 8952 $
2928  3157 5915 $
2929  3158 5913 $
2930  3159 5909 $
2931  3160 5904 $
2932  3161 5901 $
2933  3162 5900 $
2934  3163 5899 $
2935  3164 5896 $
2936  3165 5894 $
2937  3166 7076 $
2938  3167 7075 $
2939  3168 7073 $
2940  3169 7069 $
2941  3170 7067 $
2942  3171 7061 $
2943  3172 7058 $
2944  3173 7056 $
2945  3174 8859 $
2946  3175 8857 $
2947  3176 8851 $
2948  3178 8846 $
2949  3180 7153 $
2950  3182 7146 $
2951  3183 7142 $
2952  3184 7141 $
2953  3187 7136 $
2954  3190 8841 $
2955  3191 8840 $
2956  3198 8444 $
2957  3207 8822 $
2958  3208 8817 $
2959  3209 8815 $
2960  3210 8814 $
2961  3211 8809 $
2962  3213 8798 $
2963  3214 8781 $
2964  3215 8773 $
2965  3216 8771 $
2966  3217 8769 $
2967  3218 8768 $
2968  3219 8766 $
2969  3220 8762 $
2970  3221 8761 $
2971  3222 8757 $
2972  3223 8752 $
2973  3224 8180 $
2974  3225 8169 $
2975  3226 8166 $
2976  3227 8156 $
2977  3231 8148 $
2978  3232 8143 $
2979  3235 5542 $
2980  3237 8134 $
2981  3240 8126 $
2982  3241 8125 $
2983  3242 8124 $
2984  3244 8109 $
2985  3246 8686 $
2986  3247 8682 $
2987  3248 8675 $
2988  3249 8363 $
2989  3250 8376 $
2990  3252 8380 $
2991  3254 8400 $
2992  3255 8401 $
2993  3257 8402 $
2994  3259 8404 $
2995  3260 10150 $
2996  3261 8278 $
2997  3263 7172 $
2998  3264 7168 $
2999  3265 7165 $
3000  3267 6698 $
3001  3268 9824 $
3002  3270 6878 $
3003  3274 6871 $
3004  3275 6866 $
3005  3277 8701 $
3006  3278 8721 $
3007  3280 8730 $
3008  3281 8734 $
3009  3282 8736 $
3010  3283 4712 $
3011  3286 8661 $
3012  3287 8658 $
3013  3288 8655 $
3014  3289 8654 $
3015  3290 8649 $
3016  3291 8638 $
3017  3292 8631 $
3018  3293 8630 $
3019  3295 4170 $
3020  3296 8625 $
3021  3297 8623 $
3022  3298 8613 $
3023  3299 8609 $
3024  3300 8607 $
3025  3302 8589 $
3026  3303 8588 $
3027  3304 8587 $
3028  3305 8584 $
3029  3306 8583 $
3030  3307 8575 $
3031  3308 8573 $
3032  3309 8568 $
3033  3310 8567 $
3034  3311 8565 $
3035  3312 8553 $
3036  3315 5490 $
3037  3316 8700 $
3038  3319 5488 $
3039  3320 5487 $
3040  3321 5486 $
3041  3323 9804 $
3042  3324 5474 $
3043  3326 5459 $
3044  3327 5457 $
3045  3328 5454 $
3046  3329 5453 $
3047  3330 5451 $
3048  3331 5446 $
3049  3332 5445 $
3050  3336 9574 $
3051  3338 9577 $
3052  3339 9578 $
3053  3340 9579 $
3054  3341 9580 $
3055  3342 9585 $
3056  3356 7635 $
3057  3357 7645 $
3058  3358 7646 $
3059  3359 7649 $
3060  3360 7651 $
3061  3361 7655 $
3062  3362 7657 $
3063  3363 7659 $
3064  3364 7665 $
3065  3365 7675 $
3066  3366 7676 $
3067  3367 7681 $
3068  3368 7683 $
3069  3369 7693 $
3070  3370 7698 $
3071  3371 7700 $
3072  3372 7704 $
3073  3373 7717 $
3074  3374 7718 $
3075  3375 7719 $
3076  3376 7722 $
3077  3378 7731 $
3078  3381 7761 $
3079  3382 7762 $
3080  3383 7764 $
3081  3384 7770 $
3082  3385 7772 $
3083  3386 7774 $
3084  3387 9868 $
3085  3389 9872 $
3086  3390 9876 $
3087  3391 7789 $
3088  3392 7790 $
3089  3394 10184 $
3090  3395 7812 $
3091  3396 7810 $
3092  3397 6248 $
3093  3398 6247 $
3094  3400 9305 $
3095  3403 7831 $
3096  3404 7841 $
3097  3405 7843 $
3098  3406 7846 $
3099  3407 7849 $
3100  3410 7854 $
3101  3411 7856 $
3102  3412 7859 $
3103  3414 3609 $
3104  3417 7874 $
3105  3419 7880 $
3106  3420 7884 $
3107  3422 6406 $
3108  3424 7902 $
3109  3425 7908 $
3110  3426 7913 $
3111  3427 7921 $
3112  3428 7923 $
3113  3429 7938 $
3114  3430 7941 $
3115  3431 7950 $
3116  3432 7954 $
3117  3433 7960 $
3118  3434 7961 $
3119  3437 7972 $
3120  3438 7985 $
3121  3439 7989 $
3122  3440 7995 $
3123  3441 7998 $
3124  3442 8002 $
3125  3443 8006 $
3126  3444 8007 $
3127  3445 8011 $
3128  3446 8018 $
3129  3447 8025 $
3130  3455 4152 $
3131  3456 4151 $
3132  3457 4120 $
3133  3458 4119 $
3134  3463 8029 $
3135  3464 8032 $
3136  3465 8033 $
3137  3466 8034 $
3138  3467 8036 $
3139  3469 8054 $
3140  3470 8059 $
3141  3472 8064 $
3142  3473 8069 $
3143  3474 8077 $
3144  3475 8084 $
3145  3479 8091 $
3146  3480 8093 $
3147  3481 8095 $
3148  3482 8099 $
3149  3485 6029 $
3150  3486 6030 $
3151  3487 6032 $
3152  3488 6036 $
3153  3489 6040 $
3154  3490 6046 $
3155  3491 6072 $
3156  3492 6076 $
3157  3495 6088 $
3158  3496 6090 $
3159  3498 6093 $
3160  3500 6098 $
3161  3501 6100 $
3162  3502 6101 $
3163  3503 6102 $
3164  3504 6107 $
3165  3505 6111 $
3166  3506 6112 $
3167  3511 6120 $
3168  3512 6122 $
3169  3514 6129 $
3170  3515 6139 $
3171  3517 6143 $
3172  3518 6148 $
3173  3519 6153 $
3174  3520 6155 $
3175  3521 6158 $
3176  3522 6159 $
3177  3526 6172 $
3178  3527 6176 $
3179  3528 6177 $
3180  3530 6183 $
3181  3531 6187 $
3182  3532 6189 $
3183  3533 6191 $
3184  3534 6199 $
3185  3535 6200 $
3186  3537 6213 $
3187  3538 6227 $
3188  3542 9214 $
3189  3543 9215 $
3190  3545 9217 $
3191  3550 6413 $
3192  3551 6234 $
3193  3552 6237 $
3194  3554 6246 $
3195  3565 6269 $
3196  3566 6278 $
3197  3567 6280 $
3198  3568 6281 $
3199  3569 6282 $
3200  3571 4947 $
3201  3572 6310 $
3202  3574 6311 $
3203  3575 6312 $
3204  3576 6314 $
3205  3578 6317 $
3206  3579 6326 $
3207  3581 6810 $
3208  3584 6773 $
3209  3585 6770 $
3210  3586 6769 $
3211  3587 6768 $
3212  3589 9820 $
3213  3590 6758 $
3214  3592 6752 $
3215  3593 6751 $
3216  3595 6748 $
3217  3596 6741 $
3218  3597 6740 $
3219  3598 6739 $
3220  3599 6738 $
3221  3600 6737 $
3222  3601 6736 $
3223  3603 6731 $
3224  3604 6730 $
3225  3605 6728 $
3226  3606 6724 $
3227  3607 6723 $
3228  3608 6721 $
3229  3619 6808 $
3230  3620 6805 $
3231  3621 6803 $
3232  3622 6802 $
3233  3623 6801 $
3234  3624 6800 $
3235  3625 6799 $
3236  3626 6798 $
3237  3627 6797 $
3238  3628 6796 $
3239  3629 6795 $
3240  3630 6792 $
3241  3631 6784 $
3242  3632 6782 $
3243  3634 6297 $
3244  3637 6301 $
3245  3643 6443 $
3246  3644 6447 $
3247  3645 6449 $
3248  3646 6451 $
3249  3652 6453 $
3250  3653 6455 $
3251  3654 6459 $
3252  3655 6461 $
3253  3657 4659 $
3254  3661 6512 $
3255  3663 6519 $
3256  3664 6521 $
3257  3666 6527 $
3258  3668 6536 $
3259  3669 6537 $
3260  3671 6539 $
3261  3672 6540 $
3262  3674 6585 $
3263  3675 6587 $
3264  3676 6588 $
3265  3677 6590 $
3266  3678 6592 $
3267  3680 9085 $
3268  3681 9087 $
3269  3682 9090 $
3270  3683 9091 $
3271  3684 9094 $
3272  3685 9097 $
3273  3686 9099 $
3274  3687 9101 $
3275  3690 9108 $
3276  3691 9109 $
3277  3692 9114 $
3278  3693 9115 $
3279  3694 9122 $
3280  3696 9133 $
3281  3697 9138 $
3282  3698 9143 $
3283  3699 9144 $
3284  3700 9146 $
3285  3701 9150 $
3286  3702 9151 $
3287  3704 9157 $
3288  3705 9158 $
3289  3706 9159 $
3290  3707 9160 $
3291  3708 9174 $
3292  3709 9176 $
3293  3710 9178 $
3294  3721 5066 $
3295  3723 6902 $
3296  3725 9748 $
3297  3726 9747 $
3298  3732 6350 $
3299  3734 9279 $
3300  3735 9281 $
3301  3736 9282 $
3302  3737 9291 $
3303  3738 9292 $
3304  3740 9302 $
3305  3749 5748 $
3306  3750 7204 $
3307  3753 9310 $
3308  3755 9317 $
3309  3756 9318 $
3310  3757 9319 $
3311  3759 9328 $
3312  3762 9339 $
3313  3764 9344 $
3314  3765 9345 $
3315  3767 9348 $
3316  3769 6019 $
3317  3770 6020 $
3318  3771 9360 $
3319  3773 9365 $
3320  3774 9366 $
3321  3775 9368 $
3322  3776 9369 $
3323  3777 9371 $
3324  3778 9372 $
3325  3779 9373 $
3326  3780 9375 $
3327  3781 7450 $
3328  3785 9272 $
3329  3787 9393 $
3330  3791 9403 $
3331  3792 9404 $
3332  3793 9405 $
3333  3794 9408 $
3334  3796 9379 $
3335  3797 9380 $
3336  3809 10153 $
3337  3812 8491 $
3338  3813 9429 $
3339  3816 9384 $
3340  3826 9455 $
3341  3827 9464 $
3342  3828 9467 $
3343  3829 9473 $
3344  3830 9474 $
3345  3832 9480 $
3346  3834 9490 $
3347  3835 7018 $
3348  3836 7019 $
3349  3837 7022 $
3350  3838 7024 $
3351  3839 6440 $
3352  3840 6435 $
3353  3841 6430 $
3354  3842 6429 $
3355  3843 6418 $
3356  3846 5682 $
3357  3847 5684 $
3358  3848 5685 $
3359  3849 5686 $
3360  3850 5687 $
3361  3852 6405 $
3362  3858 9210 $
3363  3862 6383 $
3364  3863 6373 $
3365  3864 5689 $
3366  3865 6355 $
3367  3867 6353 $
3368  3868 6352 $
3369  3870 6344 $
3370  3871 6341 $
3371  3872 6340 $
3372  3873 6333 $
3373  3874 6331 $
3374  3875 6330 $
3375  3876 6819 $
3376  3877 6820 $
3377  3879 6824 $
3378  3880 6828 $
3379  3881 6829 $
3380  3888 9762 $
3381  3892 6844 $
3382  3893 6846 $
3383  3894 6850 $
3384  3895 6852 $
3385  3897 6862 $
3386  3898 6863 $
3387  3899 6895 $
3388  3901 5932 $
3389  3902 6906 $
3390  3903 6907 $
3391  3904 6909 $
3392  3905 6912 $
3393  3907 6914 $
3394  3908 6920 $
3395  3909 6925 $
3396  3910 6927 $
3397  3911 6932 $
3398  3912 6933 $
3399  3913 6938 $
3400  3914 6946 $
3401  3915 6947 $
3402  3916 6948 $
3403  3917 6949 $
3404  3939 4691 $
3405  3949 10114 $
3406  3950 10113 $
3407  3952 10110 $
3408  3953 10107 $
3409  3954 10106 $
3410  3955 10103 $
3411  3956 10102 $
3412  3957 10100 $
3413  3958 10099 $
3414  3959 10090 $
3415  3960 10087 $
3416  3961 10086 $
3417  3964 10082 $
3418  3965 10080 $
3419  3966 10079 $
3420  3967 10078 $
3421  3968 10074 $
3422  3969 10073 $
3423  3975 10056 $
3424  3977 10051 $
3425  3978 10045 $
3426  3979 10043 $
3427  3980 10037 $
3428  3981 10034 $
3429  3982 10033 $
3430  3983 10030 $
3431  3984 10029 $
3432  3986 10019 $
3433  3987 10018 $
3434  3988 10017 $
3435  3989 10014 $
3436  3991 9997 $
3437  3992 9991 $
3438  3994 9987 $
3439  3995 9977 $
3440  3998 9961 $
3441  3999 9953 $
3442  4000 9951 $
3443  4001 9937 $
3444  4002 9926 $
3445  4003 9924 $
3446  4007 9917 $
3447  4008 9914 $
3448  4009 9913 $
3449  4011 9910 $
3450  4012 9908 $
3451  4013 9902 $
3452  4014 9898 $
3453  4015 9896 $
3454  4016 9895 $
3455  4017 9894 $
3456  4018 9892 $
3457  4020 9890 $
3458  4021 5324 $
3459  4022 9888 $
3460  4023 9887 $
3461  4024 9886 $
3462  4025 9884 $
3463  4026 9881 $
3464  4027 9879 $
3465  4028 9857 $
3466  4029 9854 $
3467  4030 9853 $
3468  4031 9849 $
3469  4033 9842 $
3470  4034 9841 $
3471  4036 8842 $
3472  4039 9758 $
3473  4042 9734 $
3474  4045 9728 $
3475  4046 9722 $
3476  4050 8832 $
3477  4051 9706 $
3478  4052 9702 $
3479  4054 9694 $
3480  4055 9692 $
3481  4056 9690 $
3482  4058 4375 $
3483  4060 9684 $
3484  4061 9682 $
3485  4062 9679 $
3486  4063 9676 $
3487  4064 9675 $
3488  4065 9674 $
3489  4067 9664 $
3490  4069 9662 $
3491  4070 9659 $
3492  4072 9654 $
3493  4073 9650 $
3494  4075 9647 $
3495  4076 9644 $
3496  4077 9643 $
3497  4078 9642 $
3498  4079 9632 $
3499  4080 9631 $
3500  4081 9626 $
3501  4082 9625 $
3502  4083 9624 $
3503  4084 9847 $
3504  4085 9621 $
3505  4087 9609 $
3506  4088 9608 $
3507  4089 9597 $
3508  4090 5772 $
3509  4093 9594 $
3510  4094 9593 $
3511  4096 9591 $
3512  4102 9558 $
3513  4103 9554 $
3514  4105 9552 $
3515  4107 9511 $
3516  4108 9517 $
3517  4109 9520 $
3518  4110 9523 $
3519  4111 9526 $
3520  4112 9529 $
3521  4113 9531 $
3522  4124 8418 $
3523  4125 8420 $
3524  4126 8422 $
3525  4128 8505 $
3526  4129 8506 $
3527  4130 8508 $
3528  4131 8515 $
3529  4132 8516 $
3530  4133 8517 $
3531  4134 8522 $
3532  4135 8524 $
3533  4136 8525 $
3534  4137 8527 $
3535  4138 8528 $
3536  4139 8529 $
3537  4150 8532 $
3538  4157 5075 $
3539  4162 8547 $
3540  4165 9836 $
3541  4168 9827 $
3542  4171 5505 $
3543  4172 5506 $
3544  4173 4579 $
3545  4177 5512 $
3546  4178 5529 $
3547  4180 5554 $
3548  4181 5555 $
3549  4185 5585 $
3550  4186 5592 $
3551  4189 5600 $
3552  4190 5608 $
3553  4192 5610 $
3554  4194 5616 $
3555  4195 5623 $
3556  4196 5633 $
3557  4197 5640 $
3558  4198 5643 $
3559  4199 5650 $
3560  4200 5654 $
3561  4201 5658 $
3562  4202 5662 $
3563  4203 5668 $
3564  4205 5670 $
3565  4211 9262 $
3566  4215 4219 $
3567  4216 7816 $
3568  4224 5691 $
3569  4226 5692 $
3570  4229 5700 $
3571  4230 5701 $
3572  4232 5709 $
3573  4233 5727 $
3574  4234 5731 $
3575  4237 5733 $
3576  4240 5742 $
3577  4243 5755 $
3578  4244 5756 $
3579  4248 5765 $
3580  4249 5767 $
3581  4250 5770 $
3582  4251 5776 $
3583  4252 5777 $
3584  4253 5778 $
3585  4254 5786 $
3586  4255 5795 $
3587  4258 4943 $
3588  4259 5802 $
3589  4260 5804 $
3590  4261 5806 $
3591  4262 5808 $
3592  4263 5815 $
3593  4264 5821 $
3594  4266 8849 $
3595  4267 5857 $
3596  4268 5871 $
3597  4269 5873 $
3598  4270 5874 $
3599  4271 5877 $
3600  4272 5879 $
3601  4273 5881 $
3602  4274 5887 $
3603  4275 5888 $
3604  4276 5889 $
3605  4277 5892 $
3606  4278 7090 $
3607  4279 7091 $
3608  4280 7099 $
3609  4281 7101 $
3610  4282 7103 $
3611  4283 7104 $
3612  4289 6252 $
3613  4290 6251 $
3614  4292 8430 $
3615  4294 7181 $
3616  4295 7182 $
3617  4296 7183 $
3618  4297 7185 $
3619  4299 7195 $
3620  4300 7202 $
3621  4301 7206 $
3622  4303 10119 $
3623  4307 10129 $
3624  4310 5045 $
3625  4311 10140 $
3626  4312 10141 $
3627  4314 5970 $
3628  4324 5971 $
3629  4327 5973 $
3630  4328 5975 $
3631  4329 5980 $
3632  4330 5984 $
3633  4331 5985 $
3634  4333 5986 $
3635  4336 5989 $
3636  4337 5990 $
3637  4338 5995 $
3638  4340 5997 $
3639  4341 10142 $
3640  4342 10146 $
3641  4370 7446 $
3642  4371 9127 $
3643  4373 9685 $
3644  4374 8276 $
3645  4378 5493 $
3646  4379 10166 $
3647  4380 10175 $
3648  4381 10177 $
3649  4382 10178 $
3650  4383 10179 $
3651  4384 10180 $
3652  4385 10182 $
3653  4386 10183 $
3654  4388 8972 $
3655  4389 9034 $
3656  4390 9029 $
3657  4391 9028 $
3658  4392 9026 $
3659  4393 9021 $
3660  4394 9019 $
3661  4396 9010 $
3662  4397 9008 $
3663  4398 9003 $
3664  4399 9000 $
3665  4400 8999 $
3666  4402 8996 $
3667  4404 8993 $
3668  4405 8990 $
3669  4407 10190 $
3670  4408 10192 $
3671  4409 10197 $
3672  4410 10198 $
3673  4412 10205 $
3674  4413 10206 $
3675  4414 10207 $
3676  4415 10212 $
3677  4416 10218 $
3678  4418 10232 $
3679  4419 10233 $
3680  4420 10234 $
3681  4422 10242 $
3682  4423 10243 $
3683  4424 10247 $
3684  4425 10250 $
3685  4427 10254 $
3686  4428 10261 $
3687  4429 10263 $
3688  4430 10264 $
3689  4431 10269 $
3690  4432 10272 $
3691  4434 10284 $
3692  4435 10285 $
3693  4436 10290 $
3694  4438 10296 $
3695  4439 10298 $
3696  4440 10301 $
3697  4441 10305 $
3698  4442 10308 $
3699  4443 10310 $
3700  4444 10344 $
3701  4445 10347 $
3702  4449 10351 $
3703  4450 10354 $
3704  4451 10356 $
3705  4452 10369 $
3706  4453 10376 $
3707  4454 10377 $
3708  4457 10406 $
3709  4458 7534 $
3710  4459 7530 $
3711  4462 7521 $
3712  4463 7519 $
3713  4464 7516 $
3714  4465 7513 $
3715  4466 7511 $
3716  4468 7128 $
3717  4474 7506 $
3718  4478 9999 $
3719  4479 10457 $
3720  4480 10458 $
3721  4481 10465 $
3722  4482 10466 $
3723  4483 10416 $
3724  4484 10417 $
3725  4486 10425 $
3726  4487 10428 $
3727  4488 10432 $
3728  4489 10434 $
3729  4490 10435 $
3730  4491 10439 $
3731  4494 10444 $
3732  4495 10448 $
3733  4496 10453 $
3734  4498 7500 $
3735  4501 10493 $
3736  4502 10496 $
3737  4506 10504 $
3738  4508 4589 $
3739  4509 4511 $
3740  4510 4512 $
3741  4514 10509 $
3742  4515 7373 $
3743  4516 7372 $
3744  4517 7371 $
3745  4518 7367 $
3746  4519 7366 $
3747  4521 7362 $
3748  4522 7361 $
3749  4523 7344 $
3750  4524 7607 $
3751  4525 7606 $
3752  4526 7596 $
3753  4527 7594 $
3754  4528 7592 $
3755  4529 7485 $
3756  4531 7483 $
3757  4532 7482 $
3758  4533 7481 $
3759  4534 7480 $
3760  4536 10522 $
3761  4537 10527 $
3762  4538 10528 $
3763  4539 10532 $
3764  4540 10534 $
3765  4541 7425 $
3766  4544 7418 $
3767  4546 10543 $
3768  4547 10549 $
3769  4548 10550 $
3770  4549 10552 $
3771  4550 10553 $
3772  4551 10554 $
3773  4552 10558 $
3774  4553 10559 $
3775  4555 10571 $
3776  4556 10573 $
3777  4558 10578 $
3778  4562 10581 $
3779  4563 10583 $
3780  4564 10584 $
3781  4565 10586 $
3782  4566 10589 $
3783  4571 9790 $
3784  4573 9792 $
3785  4580 10594 $
3786  4581 10600 $
3787  4582 10602 $
3788  4583 10603 $
3789  4585 10609 $
3790  4595 7034 $
3791  4608 10152 $
3792  4609 10652 $
3793  4611 10656 $
3794  4612 10659 $
3795  4613 10660 $
3796  4614 7016 $
3797  4615 7015 $
3798  4616 7014 $
3799  4617 7010 $
3800  4618 7007 $
3801  4619 7005 $
3802  4620 7001 $
3803  4621 6999 $
3804  4624 6982 $
3805  4625 6979 $
3806  4628 6973 $
3807  4630 6969 $
3808  4631 6968 $
3809  4632 6967 $
3810  4634 6965 $
3811  4636 6601 $
3812  4637 6604 $
3813  4638 6611 $
3814  4639 6613 $
3815  4640 6614 $
3816  4641 6615 $
3817  4642 6616 $
3818  4643 6617 $
3819  4644 6618 $
3820  4645 6619 $
3821  4646 6622 $
3822  4649 6625 $
3823  4650 6626 $
3824  4651 6628 $
3825  4653 6638 $
3826  4654 6639 $
3827  4655 6641 $
3828  4656 6642 $
3829  4657 6643 $
3830  4671 6650 $
3831  4672 6652 $
3832  4673 6655 $
3833  4674 6657 $
3834  4675 6661 $
3835  4676 6665 $
3836  4677 6667 $
3837  4679 8436 $
3838  4682 4707 $
3839  4684 4716 $
3840  4685 4717 $
3841  4687 4718 $
3842  4690 4719 $
3843  4695 5029 $
3844  4697 4725 $
3845  4698 4727 $
3846  4700 4728 $
3847  4701 4729 $
3848  4702 4730 $
3849  4720 5056 $
3850  4733 7895 $
3851  4734 5823 $
3852  4735 7066 $
3853  4738 6160 $
3854  4740 7686 $
3855  4741 7087 $
3856  4745 10510 $
3857  4746 8617 $
3858  4748 7003 $
3859  4749 7429 $
3860  4751 9119 $
3861  4752 9145 $
3862  4754 5964 $
3863  4755 9327 $
3864  4756 6845 $
3865  4758 6438 $
3866  4760 6110 $
3867  4761 8285 $
3868  4762 8236 $
3869  4763 8957 $
3870  4764 5462 $
3871  4766 8023 $
3872  4767 7982 $
3873  4768 7004 $
3874  4769 4787 $
3875  4770 10401 $
3876  4773 9746 $
3877  4774 7879 $
3878  4776 8664 $
3879  4781 5911 $
3880  4790 7885 $
3881  4791 8850 $
3882  4792 7888 $
3883  4793 8687 $
3884  4794 8924 $
3885  4795 5696 $
3886  4796 5652 $
3887  4797 9966 $
3888  4799 6084 $
3889  4801 8399 $
3890  4807 5574 $
3891  4808 9936 $
3892  4809 5152 $
3893  4810 9457 $
3894  4811 7079 $
3895  4813 7984 $
3896  4817 5033 $
3897  4820 6335 $
3898  4821 7154 $
3899  4823 9130 $
3900  4824 9093 $
3901  4826 9401 $
3902  4827 7912 $
3903  4829 8083 $
3904  4830 8092 $
3905  4831 7996 $
3906  4834 10084 $
3907  4835 10414 $
3908  4837 7802 $
3909  4838 5586 $
3910  4840 8563 $
3911  4841 8354 $
3912  4842 9537 $
3913  4846 8994 $
3914  4848 9524 $
3915  4850 7435 $
3916  4851 7281 $
3917  4852 7280 $
3918  4853 6922 $
3919  4854 9683 $
3920  4856 7013 $
3921  4858 10121 $
3922  4859 6727 $
3923  4865 10520 $
3924  4866 9828 $
3925  4868 7669 $
3926  4869 9698 $
3927  4873 5920 $
3928  4877 9845 $
3929  4878 9851 $
3930  4879 9880 $
3931  4880 8112 $
3932  4881 8677 $
3933  4882 8117 $
3934  4886 7821 $
3935  4887 9737 $
3936  4889 8096 $
3937  4890 7023 $
3938  4891 6437 $
3939  4892 6433 $
3940  4893 6371 $
3941  4898 6823 $
3942  4899 6830 $
3943  4900 7327 $
3944  4901 7334 $
3945  4902 9669 $
3946  4903 9663 $
3947  4904 9661 $
3948  4905 9651 $
3949  4908 10147 $
3950  4909 10145 $
3951  4910 5994 $
3952  4912 5007 $
3953  4918 9066 $
3954  4919 9037 $
3955  4920 9044 $
3956  4923 7198 $
3957  4924 7196 $
3958  4925 6250 $
3959  4926 10131 $
3960  4927 7186 $
3961  4930 8144 $
3962  4931 8159 $
3963  4932 9346 $
3964  4933 9359 $
3965  4934 9370 $
3966  4936 5612 $
3967  4940 5766 $
3968  4941 4942 $
3969  4944 5558 $
3970  4945 5552 $
3971  4946 5515 $
3972  4948 6106 $
3973  4951 6152 $
3974  4953 8504 $
3975  4955 7970 $
3976  4957 9551 $
3977  4959 9533 $
3978  4965 9322 $
3979  4966 9306 $
3980  4970 9963 $
3981  4973 6569 $
3982  4974 6586 $
3983  4975 9102 $
3984  4976 9126 $
3985  4977 9139 $
3986  4978 9149 $
3987  4980 9098 $
3988  4981 9341 $
3989  4982 9340 $
3990  4983 9333 $
3991  4988 9155 $
3992  4993 9023 $
3993  4994 9033 $
3994  4995 9798 $
3995  4997 9776 $
3996  4999 6078 $
3997  5001 10065 $
3998  5002 10109 $
3999  5003 6050 $
4000  5004 5898 $
4001  5006 5136 $
4002  5008 9352 $
4003  5010 6729 $
4004  5011 9121 $
4005  5013 10472 $
4006  5027 6712 $
4007  5032 10270 $
4008  5034 5735 $
4009  5036 5241 $
4010  5037 5728 $
4011  5039 5694 $
4012  5043 7243 $
4013  5044 7245 $
4014  5047 10562 $
4015  5052 9900 $
4016  5053 9909 $
4017  5061 9451 $
4018  5062 9481 $
4019  5063 5362 $
4020  5067 10299 $
4021  5070 5675 $
4022  5073 7477 $
4023  5074 8702 $
4024  5080 5117 $
4025  5088 7515 $
4026  5091 10421 $
4027  5093 10506 $
4028  5095 7568 $
4029  5096 7567 $
4030  5097 10375 $
4031  5098 10350 $
4032  5100 6359 $
4033  5102 6818 $
4034  5105 7832 $
4035  5106 6249 $
4036  5107 7811 $
4037  5108 7735 $
4038  5109 7636 $
4039  5110 5423 $
4040  5112 9589 $
4041  5113 9576 $
4042  5114 5447 $
4043  5115 5485 $
4044  5123 8220 $
4045  5124 8224 $
4046  5125 8228 $
4047  5127 8240 $
4048  5130 8238 $
4049  5131 5416 $
4050  5137 6182 $
4051  5139 6233 $
4052  5140 7963 $
4053  5141 7029 $
4054  5146 6993 $
4055  5147 6987 $
4056  5150 8067 $
4057  5154 8051 $
4058  5156 7284 $
4059  5161 7288 $
4060  5164 5325 $
4061  5178 9116 $
4062  5192 9611 $
4063  5194 8294 $
4064  5196 10601 $
4065  5202 8469 $
4066  5210 7979 $
4067  5212 7489 $
4068  5215 5883 $
4069  5218 7400 $
4070  5219 7143 $
4071  5233 8659 $
4072  5235 9154 $
4073  5237 6218 $
4074  5242 5248 $
4075  5244 9329 $
4076  5249 10273 $
4077  5253 7298 $
4078  5256 7504 $
4079  5259 8810 $
4080  5261 8619 $
4081  5290 9952 $
4082  5298 5412 $
4083  5319 5419 $
4084  5334 8973 $
4085  5336 9636 $
4086  5339 7613 $
4087  5341 5382 $
4088  5342 8636 $
4089  5343 5839 $
4090  5344 6099 $
4091  5345 6134 $
4092  5347 9541 $
4093  5351 7822 $
4094  5352 10162 $
4095  5355 5373 $
4096  5357 6759 $
4097  5358 8813 $
4098  5366 10393 $
4099  5368 8740 $
4100  5369 9875 $
4101  5371 7699 $
4102  5372 7682 $
4103  5374 5448 $
4104  5376 7285 $
4105  5379 7964 $
4106  5380 7587 $
4107  5383 8741 $
4108  5392 9826 $
4109  5397 5818 $
4110  5398 6300 $
4111  5774 5775 $
4112  6108 6382 $
4113  6544 10642 $
4114  6681 7287 $
4115  6682 7286 $
4116  6719 7863 $
4117  7111 7112 $
4118  7129 8284 $
4119  7203 7644 $
4120  7986 10088 $
4121  8860 10627 $
4122  9045 10599 $
4123  9199 9202 $
4124  9780 9787 $
4125  9955 9956 $
4126  1 $
4127  3 $
4128  13 $
4129  45 $
4130  96 $
4131  123 $
4132  128 $
4133  150 $
4134  151 $
4135  152 $
4136  156 $
4137  160 $
4138  163 $
4139  164 $
4140  167 $
4141  172 $
4142  173 $
4143  207 $
4144  246 $
4145  247 $
4146  371 $
4147  398 $
4148  444 $
4149  552 $
4150  564 $
4151  594 $
4152  595 $
4153  596 $
4154  599 $
4155  601 $
4156  616 $
4157  639 $
4158  751 $
4159  752 $
4160  757 $
4161  767 $
4162  782 $
4163  787 $
4164  789 $
4165  805 $
4166  831 $
4167  843 $
4168  852 $
4169  853 $
4170  854 $
4171  855 $
4172  856 $
4173  857 $
4174  912 $
4175  913 $
4176  916 $
4177  931 $
4178  932 $
4179  988 $
4180  1014 $
4181  1108 $
4182  1110 $
4183  1111 $
4184  1112 $
4185  1120 $
4186  1123 $
4187  1124 $
4188  1127 $
4189  1133 $
4190  1134 $
4191  1135 $
4192  1170 $
4193  1192 $
4194  1207 $
4195  1216 $
4196  1230 $
4197  1236 $
4198  1238 $
4199  1300 $
4200  1358 $
4201  1378 $
4202  1380 $
4203  1382 $
4204  1383 $
4205  1441 $
4206  1476 $
4207  1478 $
4208  1507 $
4209  1510 $
4210  1513 $
4211  1550 $
4212  1583 $
4213  1636 $
4214  1637 $
4215  1643 $
4216  1697 $
4217  1699 $
4218  1700 $
4219  1702 $
4220  1703 $
4221  1704 $
4222  1706 $
4223  1733 $
4224  1734 $
4225  1737 $
4226  1760 $
4227  1811 $
4228  1842 $
4229  1858 $
4230  1884 $
4231  1895 $
4232  1897 $
4233  1898 $
4234  1919 $
4235  1928 $
4236  1973 $
4237  1974 $
4238  1975 $
4239  1987 $
4240  1990 $
4241  2005 $
4242  2010 $
4243  2011 $
4244  2025 $
4245  2029 $
4246  2031 $
4247  2032 $
4248  2033 $
4249  2034 $
4250  2035 $
4251  2069 $
4252  2112 $
4253  2114 $
4254  2116 $
4255  2117 $
4256  2125 $
4257  2126 $
4258  2127 $
4259  2128 $
4260  2130 $
4261  2133 $
4262  2182 $
4263  2184 $
4264  2185 $
4265  2203 $
4266  2214 $
4267  2272 $
4268  2273 $
4269  2285 $
4270  2288 $
4271  2289 $
4272  2290 $
4273  2296 $
4274  2300 $
4275  2301 $
4276  2344 $
4277  2360 $
4278  2361 $
4279  2363 $
4280  2364 $
4281  2365 $
4282  2366 $
4283  2389 $
4284  2394 $
4285  2396 $
4286  2400 $
4287  2401 $
4288  2402 $
4289  2403 $
4290  2405 $
4291  2406 $
4292  2407 $
4293  2413 $
4294  2414 $
4295  2416 $
4296  2418 $
4297  2447 $
4298  2449 $
4299  2461 $
4300  2473 $
4301  2498 $
4302  2515 $
4303  2534 $
4304  2535 $
4305  2536 $
4306  2537 $
4307  2538 $
4308  2571 $
4309  2614 $
4310  2621 $
4311  2641 $
4312  2658 $
4313  2675 $
4314  2677 $
4315  2689 $
4316  2714 $
4317  2740 $
4318  2770 $
4319  2789 $
4320  2792 $
4321  2797 $
4322  2798 $
4323  2805 $
4324  2811 $
4325  2812 $
4326  2814 $
4327  2815 $
4328  2820 $
4329  2824 $
4330  2838 $
4331  2851 $
4332  2853 $
4333  2859 $
4334  2879 $
4335  2880 $
4336  2882 $
4337  2883 $
4338  2884 $
4339  2885 $
4340  2896 $
4341  2898 $
4342  2899 $
4343  2901 $
4344  2902 $
4345  2903 $
4346  2904 $
4347  2943 $
4348  2946 $
4349  2966 $
4350  2967 $
4351  2969 $
4352  2970 $
4353  2971 $
4354  2972 $
4355  2973 $
4356  3029 $
4357  3030 $
4358  3031 $
4359  3034 $
4360  3035 $
4361  3036 $
4362  3037 $
4363  3038 $
4364  3049 $
4365  3053 $
4366  3056 $
4367  3057 $
4368  3063 $
4369  3083 $
4370  3084 $
4371  3086 $
4372  3087 $
4373  3088 $
4374  3131 $
4375  3132 $
4376  3133 $
4377  3134 $
4378  3139 $
4379  3140 $
4380  3141 $
4381  3143 $
4382  3156 $
4383  3189 $
4384  3192 $
4385  3196 $
4386  3200 $
4387  3203 $
4388  3206 $
4389  3243 $
4390  3269 $
4391  3273 $
4392  3313 $
4393  3335 $
4394  3337 $
4395  3345 $
4396  3347 $
4397  3348 $
4398  3349 $
4399  3351 $
4400  3353 $
4401  3354 $
4402  3355 $
4403  3401 $
4404  3421 $
4405  3449 $
4406  3450 $
4407  3451 $
4408  3452 $
4409  3461 $
4410  3462 $
4411  3484 $
4412  3508 $
4413  3523 $
4414  3524 $
4415  3525 $
4416  3539 $
4417  3540 $
4418  3541 $
4419  3558 $
4420  3561 $
4421  3650 $
4422  3711 $
4423  3727 $
4424  3728 $
4425  3729 $
4426  3730 $
4427  3733 $
4428  3763 $
4429  3768 $
4430  3784 $
4431  3795 $
4432  3800 $
4433  3802 $
4434  3803 $
4435  3807 $
4436  3815 $
4437  3820 $
4438  3824 $
4439  3855 $
4440  3856 $
4441  3919 $
4442  3921 $
4443  3922 $
4444  3923 $
4445  3924 $
4446  3925 $
4447  3927 $
4448  3928 $
4449  3929 $
4450  3930 $
4451  3931 $
4452  3932 $
4453  3933 $
4454  3934 $
4455  3935 $
4456  3936 $
4457  3937 $
4458  3938 $
4459  3940 $
4460  3942 $
4461  3943 $
4462  3944 $
4463  3945 $
4464  3946 $
4465  3947 $
4466  3948 $
4467  3971 $
4468  3972 $
4469  3993 $
4470  4005 $
4471  4006 $
4472  4035 $
4473  4091 $
4474  4099 $
4475  4101 $
4476  4106 $
4477  4115 $
4478  4118 $
4479  4121 $
4480  4122 $
4481  4123 $
4482  4127 $
4483  4140 $
4484  4141 $
4485  4142 $
4486  4143 $
4487  4145 $
4488  4146 $
4489  4147 $
4490  4148 $
4491  4149 $
4492  4153 $
4493  4155 $
4494  4156 $
4495  4158 $
4496  4159 $
4497  4160 $
4498  4176 $
4499  4207 $
4500  4208 $
4501  4210 $
4502  4217 $
4503  4220 $
4504  4235 $
4505  4236 $
4506  4242 $
4507  4284 $
4508  4287 $
4509  4288 $
4510  4291 $
4511  4308 $
4512  4313 $
4513  4315 $
4514  4316 $
4515  4317 $
4516  4318 $
4517  4322 $
4518  4326 $
4519  4332 $
4520  4345 $
4521  4348 $
4522  4352 $
4523  4353 $
4524  4355 $
4525  4356 $
4526  4357 $
4527  4358 $
4528  4359 $
4529  4360 $
4530  4363 $
4531  4364 $
4532  4365 $
4533  4366 $
4534  4367 $
4535  4368 $
4536  4395 $
4537  4401 $
4538  4403 $
4539  4433 $
4540  4455 $
4541  4456 $
4542  4467 $
4543  4469 $
4544  4470 $
4545  4472 $
4546  4475 $
4547  4476 $
4548  4535 $
4549  4560 $
4550  4561 $
4551  4567 $
4552  4568 $
4553  4569 $
4554  4577 $
4555  4599 $
4556  4658 $
4557  4669 $
4558  4680 $
4559  4681 $
4560  4688 $
4561  4689 $
4562  4692 $
4563  4693 $
4564  4694 $
4565  4699 $
4566  4703 $
4567  4705 $
4568  4711 $
4569  4722 $
4570  4732 $
4571  4737 $
4572  4739 $
4573  4742 $
4574  4743 $
4575  4744 $
4576  4747 $
4577  4757 $
4578  4759 $
4579  4765 $
4580  4775 $
4581  4780 $
4582  4782 $
4583  4784 $
4584  4785 $
4585  4788 $
4586  4789 $
4587  4798 $
4588  4800 $
4589  4802 $
4590  4803 $
4591  4814 $
4592  4815 $
4593  4818 $
4594  4819 $
4595  4833 $
4596  4836 $
4597  4845 $
4598  4847 $
4599  4860 $
4600  4861 $
4601  4864 $
4602  4870 $
4603  4871 $
4604  4907 $
4605  4911 $
4606  4914 $
4607  4915 $
4608  4916 $
4609  4917 $
4610  4922 $
4611  4929 $
4612  4949 $
4613  4960 $
4614  4961 $
4615  4962 $
4616  4964 $
4617  4972 $
4618  4979 $
4619  4985 $
4620  4987 $
4621  4989 $
4622  4990 $
4623  4992 $
4624  4996 $
4625  4998 $
4626  5005 $
4627  5012 $
4628  5015 $
4629  5017 $
4630  5018 $
4631  5019 $
4632  5021 $
4633  5022 $
4634  5023 $
4635  5024 $
4636  5025 $
4637  5026 $
4638  5031 $
4639  5035 $
4640  5041 $
4641  5042 $
4642  5046 $
4643  5048 $
4644  5049 $
4645  5059 $
4646  5068 $
4647  5069 $
4648  5071 $
4649  5072 $
4650  5076 $
4651  5077 $
4652  5078 $
4653  5079 $
4654  5085 $
4655  5086 $
4656  5087 $
4657  5089 $
4658  5099 $
4659  5104 $
4660  5118 $
4661  5121 $
4662  5132 $
4663  5134 $
4664  5135 $
4665  5138 $
4666  5143 $
4667  5145 $
4668  5155 $
4669  5157 $
4670  5158 $
4671  5163 $
4672  5165 $
4673  5166 $
4674  5169 $
4675  5171 $
4676  5172 $
4677  5173 $
4678  5174 $
4679  5175 $
4680  5177 $
4681  5179 $
4682  5183 $
4683  5184 $
4684  5185 $
4685  5186 $
4686  5187 $
4687  5188 $
4688  5189 $
4689  5190 $
4690  5193 $
4691  5197 $
4692  5198 $
4693  5199 $
4694  5201 $
4695  5203 $
4696  5204 $
4697  5205 $
4698  5206 $
4699  5207 $
4700  5208 $
4701  5209 $
4702  5211 $
4703  5220 $
4704  5226 $
4705  5231 $
4706  5232 $
4707  5238 $
4708  5239 $
4709  5243 $
4710  5246 $
4711  5247 $
4712  5252 $
4713  5257 $
4714  5265 $
4715  5266 $
4716  5270 $
4717  5271 $
4718  5272 $
4719  5274 $
4720  5276 $
4721  5280 $
4722  5281 $
4723  5282 $
4724  5283 $
4725  5287 $
4726  5288 $
4727  5289 $
4728  5292 $
4729  5293 $
4730  5294 $
4731  5295 $
4732  5297 $
4733  5299 $
4734  5300 $
4735  5304 $
4736  5306 $
4737  5307 $
4738  5308 $
4739  5309 $
4740  5310 $
4741  5312 $
4742  5313 $
4743  5315 $
4744  5317 $
4745  5333 $
4746  5337 $
4747  5348 $
4748  5350 $
4749  5364 $
4750  5365 $
4751  5377 $
4752  5378 $
4753  5384 $
4754  5385 $
4755  5386 $
4756  5387 $
4757  5388 $
4758  5389 $
4759  5390 $
4760  5391 $
4761  5393 $
4762  5394 $
4763  5395 $
4764  5399 $
4765  5400 $
4766  5402 $
4767  5403 $
4768  5409 $
4769  5410 $
4770  5413 $
4771  5414 $
4772  5415 $
4773  5418 $
4774  5422 $
4775  5426 $
4776  5427 $
4777  5429 $
4778  5430 $
4779  5431 $
4780  5433 $
4781  5435 $
4782  5437 $
4783  5438 $
4784  5439 $
4785  5449 $
4786  5468 $
4787  5472 $
4788  5477 $
4789  5479 $
4790  5481 $
4791  5491 $
4792  5494 $
4793  5495 $
4794  5509 $
4795  5538 $
4796  5539 $
4797  5540 $
4798  5541 $
4799  5543 $
4800  5544 $
4801  5566 $
4802  5575 $
4803  5598 $
4804  5606 $
4805  5613 $
4806  5704 $
4807  5721 $
4808  5723 $
4809  5746 $
4810  5749 $
4811  5750 $
4812  5751 $
4813  5764 $
4814  5779 $
4815  5780 $
4816  5781 $
4817  5794 $
4818  5805 $
4819  5834 $
4820  5835 $
4821  5836 $
4822  5844 $
4823  5927 $
4824  5930 $
4825  6000 $
4826  6001 $
4827  6033 $
4828  6075 $
4829  6126 $
4830  6173 $
4831  6208 $
4832  6231 $
4833  6253 $
4834  6254 $
4835  6255 $
4836  6256 $
4837  6257 $
4838  6264 $
4839  6265 $
4840  6266 $
4841  6271 $
4842  6274 $
4843  6275 $
4844  6302 $
4845  6305 $
4846  6320 $
4847  6325 $
4848  6363 $
4849  6364 $
4850  6365 $
4851  6377 $
4852  6381 $
4853  6385 $
4854  6389 $
4855  6390 $
4856  6392 $
4857  6393 $
4858  6394 $
4859  6395 $
4860  6396 $
4861  6398 $
4862  6399 $
4863  6400 $
4864  6404 $
4865  6417 $
4866  6436 $
4867  6452 $
4868  6456 $
4869  6465 $
4870  6466 $
4871  6467 $
4872  6468 $
4873  6470 $
4874  6471 $
4875  6473 $
4876  6476 $
4877  6477 $
4878  6479 $
4879  6480 $
4880  6483 $
4881  6485 $
4882  6486 $
4883  6487 $
4884  6489 $
4885  6490 $
4886  6492 $
4887  6526 $
4888  6532 $
4889  6551 $
4890  6559 $
4891  6564 $
4892  6567 $
4893  6581 $
4894  6582 $
4895  6629 $
4896  6632 $
4897  6635 $
4898  6636 $
4899  6644 $
4900  6646 $
4901  6648 $
4902  6675 $
4903  6677 $
4904  6678 $
4905  6679 $
4906  6680 $
4907  6689 $
4908  6691 $
4909  6695 $
4910  6696 $
4911  6697 $
4912  6699 $
4913  6722 $
4914  6747 $
4915  6763 $
4916  6764 $
4917  6766 $
4918  6767 $
4919  6772 $
4920  6779 $
4921  6781 $
4922  6821 $
4923  6826 $
4924  6865 $
4925  6872 $
4926  6879 $
4927  6880 $
4928  6884 $
4929  6886 $
4930  6889 $
4931  6893 $
4932  6903 $
4933  6923 $
4934  6924 $
4935  6990 $
4936  7035 $
4937  7045 $
4938  7059 $
4939  7072 $
4940  7109 $
4941  7110 $
4942  7115 $
4943  7116 $
4944  7117 $
4945  7118 $
4946  7119 $
4947  7120 $
4948  7121 $
4949  7124 $
4950  7127 $
4951  7130 $
4952  7163 $
4953  7193 $
4954  7199 $
4955  7200 $
4956  7205 $
4957  7250 $
4958  7278 $
4959  7279 $
4960  7289 $
4961  7290 $
4962  7292 $
4963  7293 $
4964  7294 $
4965  7295 $
4966  7296 $
4967  7297 $
4968  7301 $
4969  7337 $
4970  7338 $
4971  7339 $
4972  7340 $
4973  7360 $
4974  7375 $
4975  7397 $
4976  7416 $
4977  7439 $
4978  7451 $
4979  7452 $
4980  7453 $
4981  7455 $
4982  7456 $
4983  7457 $
4984  7460 $
4985  7462 $
4986  7463 $
4987  7464 $
4988  7469 $
4989  7470 $
4990  7471 $
4991  7473 $
4992  7474 $
4993  7490 $
4994  7491 $
4995  7495 $
4996  7497 $
4997  7551 $
4998  7552 $
4999  7559 $
5000  7571 $
5001  7582 $
5002  7598 $
5003  7599 $
5004  7600 $
5005  7601 $
5006  7605 $
5007  7610 $
5008  7630 $
5009  7647 $
5010  7685 $
5011  7689 $
5012  7734 $
5013  7736 $
5014  7751 $
5015  7765 $
5016  7769 $
5017  7796 $
5018  7798 $
5019  7801 $
5020  7804 $
5021  7806 $
5022  7814 $
5023  7836 $
5024  7839 $
5025  7857 $
5026  7858 $
5027  7864 $
5028  7866 $
5029  7867 $
5030  7872 $
5031  7997 $
5032  8026 $
5033  8030 $
5034  8031 $
5035  8038 $
5036  8057 $
5037  8063 $
5038  8132 $
5039  8163 $
5040  8165 $
5041  8183 $
5042  8201 $
5043  8206 $
5044  8207 $
5045  8208 $
5046  8209 $
5047  8210 $
5048  8223 $
5049  8259 $
5050  8261 $
5051  8262 $
5052  8263 $
5053  8265 $
5054  8266 $
5055  8282 $
5056  8283 $
5057  8287 $
5058  8288 $
5059  8289 $
5060  8333 $
5061  8341 $
5062  8358 $
5063  8403 $
5064  8407 $
5065  8412 $
5066  8423 $
5067  8424 $
5068  8428 $
5069  8435 $
5070  8438 $
5071  8439 $
5072  8440 $
5073  8441 $
5074  8442 $
5075  8443 $
5076  8445 $
5077  8446 $
5078  8448 $
5079  8449 $
5080  8450 $
5081  8451 $
5082  8452 $
5083  8453 $
5084  8454 $
5085  8455 $
5086  8456 $
5087  8459 $
5088  8461 $
5089  8462 $
5090  8472 $
5091  8474 $
5092  8475 $
5093  8477 $
5094  8479 $
5095  8480 $
5096  8481 $
5097  8482 $
5098  8483 $
5099  8484 $
5100  8485 $
5101  8486 $
5102  8487 $
5103  8488 $
5104  8489 $
5105  8490 $
5106  8493 $
5107  8494 $
5108  8495 $
5109  8496 $
5110  8497 $
5111  8498 $
5112  8500 $
5113  8501 $
5114  8523 $
5115  8594 $
5116  8608 $
5117  8610 $
5118  8616 $
5119  8620 $
5120  8662 $
5121  8665 $
5122  8666 $
5123  8667 $
5124  8679 $
5125  8693 $
5126  8696 $
5127  8697 $
5128  8699 $
5129  8703 $
5130  8705 $
5131  8706 $
5132  8738 $
5133  8747 $
5134  8750 $
5135  8755 $
5136  8838 $
5137  8861 $
5138  8922 $
5139  8926 $
5140  8951 $
5141  8980 $
5142  8995 $
5143  9018 $
5144  9063 $
5145  9064 $
5146  9068 $
5147  9072 $
5148  9081 $
5149  9083 $
5150  9111 $
5151  9112 $
5152  9120 $
5153  9123 $
5154  9125 $
5155  9152 $
5156  9164 $
5157  9165 $
5158  9166 $
5159  9168 $
5160  9169 $
5161  9179 $
5162  9180 $
5163  9186 $
5164  9203 $
5165  9204 $
5166  9209 $
5167  9223 $
5168  9224 $
5169  9225 $
5170  9226 $
5171  9231 $
5172  9238 $
5173  9240 $
5174  9241 $
5175  9242 $
5176  9250 $
5177  9251 $
5178  9253 $
5179  9259 $
5180  9264 $
5181  9265 $
5182  9266 $
5183  9267 $
5184  9268 $
5185  9269 $
5186  9283 $
5187  9284 $
5188  9286 $
5189  9288 $
5190  9289 $
5191  9298 $
5192  9304 $
5193  9324 $
5194  9336 $
5195  9351 $
5196  9355 $
5197  9356 $
5198  9357 $
5199  9358 $
5200  9361 $
5201  9390 $
5202  9391 $
5203  9399 $
5204  9412 $
5205  9413 $
5206  9416 $
5207  9420 $
5208  9437 $
5209  9440 $
5210  9502 $
5211  9507 $
5212  9508 $
5213  9512 $
5214  9516 $
5215  9543 $
5216  9544 $
5217  9545 $
5218  9627 $
5219  9639 $
5220  9686 $
5221  9688 $
5222  9740 $
5223  9743 $
5224  9755 $
5225  9756 $
5226  9759 $
5227  9760 $
5228  9761 $
5229  9766 $
5230  9775 $
5231  9783 $
5232  9784 $
5233  9785 $
5234  9788 $
5235  9796 $
5236  9800 $
5237  9814 $
5238  9815 $
5239  9816 $
5240  9817 $
5241  9821 $
5242  9822 $
5243  9825 $
5244  9829 $
5245  9848 $
5246  9889 $
5247  9928 $
5248  9932 $
5249  9933 $
5250  9938 $
5251  9939 $
5252  9942 $
5253  9943 $
5254  9949 $
5255  9970 $
5256  9971 $
5257  9979 $
5258  9980 $
5259  9981 $
5260  9982 $
5261  10027 $
5262  10046 $
5263  10059 $
5264  10111 $
5265  10115 $
5266  10133 $
5267  10134 $
5268  10155 $
5269  10164 $
5270  10189 $
5271  10201 $
5272  10209 $
5273  10213 $
5274  10231 $
5275  10262 $
5276  10276 $
5277  10277 $
5278  10278 $
5279  10280 $
5280  10287 $
5281  10288 $
5282  10303 $
5283  10346 $
5284  10352 $
5285  10374 $
5286  10383 $
5287  10402 $
5288  10404 $
5289  10405 $
5290  10412 $
5291  10426 $
5292  10427 $
5293  10442 $
5294  10451 $
5295  10455 $
5296  10481 $
5297  10492 $
5298  10524 $
5299  10541 $
5300  10547 $
5301  10572 $
5302  10576 $
5303  10577 $
5304  10591 $
5305  10598 $
5306  10621 $
5307  10622 $
5308  10623 $
5309  10624 $
5310  10625 $
5311  10626 $
5312  10628 $
5313  10631 $
5314  10632 $
5315  10633 $
5316  10634 $
5317  10637 $
5318  10645 $
5319  10648 $
5320  10649 $
)
